2.108865657762478030e+00 2.108865657762478030e+00 8.332107357873302228e-03
2.910458813153596683e-02 2.910458813153549151e-02 2.910458813153680296e-02
4.802450450160485051e-03 4.169589152777708030e+00 4.802450450161167665e-03
2.096013128324419661e+00 6.243921399459796184e+00 -5.617402373871367531e-03
2.813584286844234179e-03 8.318518677532850347e+00 2.813584286844420228e-03
2.101435870001959305e+00 1.038677179631982561e+01 -1.731038946427426728e-03
1.472322258577049570e-02 1.245214983271053022e+01 1.472322258577041069e-02
2.109250167289440370e+00 1.454667677741421272e+01 1.472322258577028926e-02
4.169589152777708918e+00 4.802450450160440816e-03 4.802450450161272616e-03
6.243921399459797961e+00 2.096013128324419661e+00 -5.617402373871665036e-03
4.174328233217194928e+00 4.174328233217194040e+00 -1.176847002447901393e-02
6.244607725841642143e+00 6.244607725841642143e+00 -1.973521698634545310e-02
4.170563541606599145e+00 8.316247313349251158e+00 -1.570576327343986903e-02
6.245152686650753182e+00 1.039083645839341408e+01 -1.570576327344134701e-02
4.174628203680161853e+00 1.245996412999802772e+01 -1.731038946428215593e-03
6.242881322467141558e+00 1.455858641571314749e+01 2.813584286843898510e-03
8.318518677532852124e+00 2.813584286844572884e-03 2.813584286844670462e-03
1.038677179631982739e+01 2.101435870001960193e+00 -1.731038946427156545e-03
8.316247313349251158e+00 4.170563541606600033e+00 -1.570576327344009454e-02
1.039083645839341408e+01 6.245152686650753182e+00 -1.570576327344121517e-02
8.316792274158364862e+00 8.316792274158364862e+00 -1.973521698634789559e-02
1.038707176678281741e+01 1.038707176678281563e+01 -1.176847002448126039e-02
8.317478600540205491e+00 1.246538687167558912e+01 -5.617402373874686057e-03
1.039181084722229720e+01 1.455659754954984919e+01 4.802450450162094875e-03
1.245214983271053200e+01 1.472322258577082876e-02 1.472322258577070386e-02
1.454667677741421450e+01 2.109250167289440370e+00 1.472322258577099183e-02
1.245996412999802949e+01 4.174628203680161853e+00 -1.731038946427689539e-03
1.455858641571314926e+01 6.242881322467140670e+00 2.813584286844624926e-03
1.246538687167559090e+01 8.317478600540203715e+00 -5.617402373874387685e-03
1.455659754954984919e+01 1.039181084722229720e+01 4.802450450162898052e-03
1.245253434223753253e+01 1.245253434223753253e+01 8.332107357871902306e-03
1.453229541186847307e+01 1.453229541186847484e+01 2.910458813153349311e-02
8.332107357872450479e-03 2.108865657762478030e+00 2.108865657762478918e+00
2.108865657762478474e+00 8.332107357872464357e-03 2.108865657762479362e+00
1.038677179631982739e+01 -1.731038946427097564e-03 2.101435870001959749e+00
8.315566572791551536e+00 2.093839937988682287e+00 2.093839937988681843e+00
6.243921399459797961e+00 -5.617402373872083972e-03 2.096013128324419661e+00
4.176565973356026973e+00 2.098250115719542563e+00 2.098250115719543452e+00
1.038753851963962127e+01 4.173861480360384846e+00 2.092314404929139560e+00
8.316737278218205631e+00 6.244662721781808479e+00 2.084247396607116443e+00
2.093839937988681843e+00 8.315566572791551536e+00 2.093839937988682287e+00
-1.731038946427693875e-03 1.038677179631982561e+01 2.101435870001959749e+00
1.038968128774122768e+01 8.315812429562463137e+00 2.088293223634187790e+00
8.315812429562463137e+00 1.038968128774122590e+01 2.088293223634187346e+00
6.245587570437536762e+00 4.171718712258777551e+00 2.088293223634189122e+00
4.171718712258777551e+00 6.245587570437535874e+00 2.088293223634189122e+00
1.038483402664397737e+01 1.246314988428045822e+01 2.098250115719540343e+00
8.317478600540200162e+00 1.456701740237387988e+01 2.096013128324416996e+00
2.098250115719543007e+00 4.176565973356026085e+00 2.098250115719543452e+00
-5.617402373871835906e-03 6.243921399459797072e+00 2.096013128324420105e+00
1.454667677741421450e+01 1.472322258577115142e-02 2.109250167289440814e+00
1.245847548181062336e+01 2.102924518189360992e+00 2.102924518189360992e+00
6.244662721781807591e+00 8.316737278218205631e+00 2.084247396607116443e+00
4.173861480360383958e+00 1.038753851963962127e+01 2.092314404929139560e+00
1.456313103894640548e+01 4.174628203680159189e+00 2.101435870001957529e+00
1.246756006201132827e+01 6.245833427208454580e+00 2.093839937988681399e+00
2.102924518189360104e+00 1.245847548181062336e+01 2.102924518189360104e+00
1.472322258577071774e-02 1.454667677741421450e+01 2.109250167289439482e+00
1.456701740237388165e+01 8.317478600540200162e+00 2.096013128324416996e+00
1.246314988428045822e+01 1.038483402664397737e+01 2.098250115719540343e+00
6.245833427208454580e+00 1.246756006201132827e+01 2.093839937988680511e+00
4.174628203680159189e+00 1.456313103894640548e+01 2.101435870001956197e+00
1.455306789264213130e+01 1.245253434223753608e+01 2.108865657762476253e+00
1.245253434223753430e+01 1.455306789264213307e+01 2.108865657762476253e+00
8.317016759187552566e+00 8.317016759187552566e+00 4.167014628252212027e+00
1.038960570960008134e+01 1.038960570960007956e+01 4.171794290399920335e+00
-1.176847002447946496e-02 4.174328233217194928e+00 4.174328233217194928e+00
2.088293223634189122e+00 6.245587570437535874e+00 4.171718712258777551e+00
4.173861480360383069e+00 1.246908559507086878e+01 4.173861480360383069e+00
6.245152686650745189e+00 1.457710576327344398e+01 4.170563541606594704e+00
8.315812429562459585e+00 1.247310677636581921e+01 4.171718712258776662e+00
1.038707176678281741e+01 1.457316847002447524e+01 4.174328233217190487e+00
-1.731038946428064022e-03 1.245996412999802949e+01 4.174628203680160965e+00
2.101435870001957085e+00 1.456313103894640548e+01 4.174628203680158300e+00
4.171794290399923000e+00 4.171794290399922112e+00 4.171794290399923000e+00
6.244383240812451774e+00 6.244383240812451774e+00 4.167014628252212027e+00
1.245996412999802949e+01 -1.731038946427665469e-03 4.174628203680161853e+00
1.456313103894640548e+01 2.101435870001957529e+00 4.174628203680159189e+00
8.316247313349251158e+00 -1.570576327344027842e-02 4.170563541606599145e+00
1.038753851963962127e+01 2.092314404929139560e+00 4.173861480360383958e+00
-1.570576327344024373e-02 8.316247313349251158e+00 4.170563541606600033e+00
2.092314404929139116e+00 1.038753851963962127e+01 4.173861480360383958e+00
1.246908559507086878e+01 4.173861480360383958e+00 4.173861480360383958e+00
1.457710576327344576e+01 6.245152686650746077e+00 4.170563541606595592e+00
2.098250115719543007e+00 2.098250115719543007e+00 4.176565973356026973e+00
4.802450450160724443e-03 4.802450450160249129e-03 4.169589152777708918e+00
8.316435093834574133e+00 4.169293752575744527e+00 4.169293752575744527e+00
1.039210624742426248e+01 6.244964906165422214e+00 4.169293752575744527e+00
1.247310677636582099e+01 8.315812429562459585e+00 4.171718712258776662e+00
1.457316847002447524e+01 1.038707176678281741e+01 4.174328233217190487e+00
4.169293752575743639e+00 8.316435093834574133e+00 4.169293752575744527e+00
6.244964906165422214e+00 1.039210624742426248e+01 4.169293752575743639e+00
4.174328233217194928e+00 -1.176847002447938169e-02 4.174328233217194928e+00
6.245587570437536762e+00 2.088293223634189122e+00 4.171718712258777551e+00
1.246314988428045822e+01 1.246314988428045822e+01 4.176565973356024308e+00
1.455659754954984919e+01 1.455659754954984919e+01 4.169589152777705365e+00
6.243641241728296265e+00 8.317758758271709851e+00 6.243641241728296265e+00
4.169293752575743639e+00 1.039210624742426248e+01 6.244964906165422214e+00
2.088293223634189122e+00 4.171718712258777551e+00 6.245587570437536762e+00
-1.973521698634558147e-02 6.244607725841642143e+00 6.244607725841642143e+00
-5.617402373871606923e-03 2.096013128324419661e+00 6.243921399459797072e+00
2.096013128324420549e+00 -5.617402373871885346e-03 6.243921399459797072e+00
1.455858641571314926e+01 2.813584286845268942e-03 6.242881322467142446e+00
1.246756006201132827e+01 2.093839937988681399e+00 6.245833427208454580e+00
1.039210624742426248e+01 4.169293752575743639e+00 6.244964906165422214e+00
8.317758758271711628e+00 6.243641241728296265e+00 6.243641241728296265e+00
6.244383240812451774e+00 4.167014628252212027e+00 6.244383240812451774e+00
4.167014628252211139e+00 6.244383240812451774e+00 6.244383240812451774e+00
6.244662721781803150e+00 1.247715260339288967e+01 6.244662721781804038e+00
4.170563541606594704e+00 1.457710576327344398e+01 6.245152686650746077e+00
1.457710576327344576e+01 4.170563541606595592e+00 6.245152686650746965e+00
1.247715260339288967e+01 6.244662721781803150e+00 6.244662721781804038e+00
2.084247396607115999e+00 8.316737278218205631e+00 6.244662721781807591e+00
-1.570576327344148232e-02 1.039083645839341408e+01 6.245152686650752294e+00
1.039438537174779320e+01 8.317016759187550790e+00 6.244383240812449110e+00
8.317016759187550790e+00 1.039438537174779142e+01 6.244383240812449110e+00
6.244607725841642143e+00 -1.973521698634573759e-02 6.244607725841641255e+00
4.171718712258778439e+00 2.088293223634189122e+00 6.245587570437536762e+00
1.458113521698635751e+01 8.316792274158364862e+00 6.244607725841639478e+00
1.247310677636582099e+01 1.038968128774122590e+01 6.245587570437534986e+00
2.093839937988680511e+00 1.246756006201132827e+01 6.245833427208454580e+00
2.813584286845031718e-03 1.455858641571314926e+01 6.242881322467141558e+00
1.039083645839341408e+01 -1.570576327344115966e-02 6.245152686650752294e+00
8.316737278218205631e+00 2.084247396607115999e+00 6.244662721781807591e+00
1.038968128774122590e+01 1.247310677636582099e+01 6.245587570437534097e+00
8.316792274158363085e+00 1.458113521698635751e+01 6.244607725841638590e+00
1.456701740237387988e+01 1.246538687167558734e+01 6.243921399459794408e+00
1.246538687167558734e+01 1.456701740237387988e+01 6.243921399459794408e+00
1.246538687167558912e+01 -5.617402373874483962e-03 8.317478600540203715e+00
1.456701740237387988e+01 2.096013128324417440e+00 8.317478600540201938e+00
4.167014628252212027e+00 8.317016759187552566e+00 8.317016759187552566e+00
6.244383240812449110e+00 1.039438537174779142e+01 8.317016759187550790e+00
-5.617402373874480492e-03 1.246538687167558912e+01 8.317478600540203715e+00
2.096013128324416552e+00 1.456701740237387988e+01 8.317478600540200162e+00
8.317758758271711628e+00 8.317758758271711628e+00 8.317758758271711628e+00
1.039210624742426070e+01 1.039210624742426070e+01 8.316435093834572356e+00
8.316792274158364862e+00 -1.973521698634788171e-02 8.316792274158364862e+00
1.038968128774122590e+01 2.088293223634187346e+00 8.315812429562463137e+00
1.247310677636581921e+01 4.171718712258776662e+00 8.315812429562461361e+00
1.458113521698635751e+01 6.244607725841639478e+00 8.316792274158364862e+00
4.169293752575744527e+00 4.169293752575744527e+00 8.316435093834574133e+00
6.243641241728296265e+00 6.243641241728296265e+00 8.317758758271711628e+00
4.170563541606600921e+00 -1.570576327344026107e-02 8.316247313349251158e+00
6.244662721781808479e+00 2.084247396607115999e+00 8.316737278218205631e+00
-1.570576327343998352e-02 4.170563541606600033e+00 8.316247313349251158e+00
2.084247396607115999e+00 6.244662721781808479e+00 8.316737278218205631e+00
8.316737278218203855e+00 1.247715260339288967e+01 8.316737278218203855e+00
1.039083645839341230e+01 1.457710576327344576e+01 8.316247313349247605e+00
1.247715260339288967e+01 8.316737278218203855e+00 8.316737278218203855e+00
1.457710576327344576e+01 1.039083645839341230e+01 8.316247313349249382e+00
4.171718712258775774e+00 1.247310677636581921e+01 8.315812429562461361e+00
6.244607725841637702e+00 1.458113521698635751e+01 8.316792274158364862e+00
8.317016759187552566e+00 4.167014628252212027e+00 8.317016759187552566e+00
1.039438537174779142e+01 6.244383240812449998e+00 8.317016759187550790e+00
-1.973521698634802743e-02 8.316792274158364862e+00 8.316792274158364862e+00
2.088293223634186901e+00 1.038968128774122590e+01 8.315812429562463137e+00
2.093839937988682287e+00 2.093839937988681843e+00 8.315566572791551536e+00
2.813584286844561608e-03 2.813584286843882031e-03 8.318518677532850347e+00
1.246756006201132827e+01 1.246756006201132827e+01 8.315566572791549760e+00
1.455858641571315459e+01 1.455858641571315459e+01 8.318518677532862782e+00
6.245587570437534097e+00 1.247310677636582099e+01 1.038968128774122590e+01
4.174328233217189599e+00 1.457316847002447524e+01 1.038707176678281918e+01
6.245152686650753182e+00 -1.570576327344127762e-02 1.039083645839341408e+01
4.173861480360383958e+00 2.092314404929139116e+00 1.038753851963962127e+01
6.244383240812449110e+00 8.317016759187550790e+00 1.039438537174779320e+01
4.171794290399921223e+00 1.038960570960007956e+01 1.038960570960008134e+01
1.457316847002447524e+01 4.174328233217190487e+00 1.038707176678281918e+01
1.247310677636582099e+01 6.245587570437534097e+00 1.038968128774122590e+01
1.038960570960007956e+01 4.171794290399921223e+00 1.038960570960008134e+01
8.317016759187550790e+00 6.244383240812449110e+00 1.039438537174779320e+01
1.038753851963961772e+01 1.246908559507086700e+01 1.038753851963961772e+01
8.316247313349247605e+00 1.457710576327344576e+01 1.039083645839341230e+01
6.244964906165422214e+00 4.169293752575743639e+00 1.039210624742426248e+01
4.169293752575743639e+00 6.244964906165422214e+00 1.039210624742426248e+01
2.092314404929139560e+00 4.173861480360383958e+00 1.038753851963962127e+01
-1.570576327344132966e-02 6.245152686650753182e+00 1.039083645839341408e+01
-1.731038946427191890e-03 2.101435870001959305e+00 1.038677179631982561e+01
2.101435870001960193e+00 -1.731038946427669589e-03 1.038677179631982561e+01
1.457710576327344576e+01 8.316247313349249382e+00 1.039083645839341408e+01
1.246908559507086700e+01 1.038753851963961772e+01 1.038753851963961949e+01
1.038707176678281563e+01 -1.176847002448133499e-02 1.038707176678281741e+01
8.315812429562463137e+00 2.088293223634187346e+00 1.038968128774122768e+01
2.098250115719540343e+00 1.246314988428045822e+01 1.038483402664397737e+01
4.802450450162714171e-03 1.455659754954984919e+01 1.039181084722229720e+01
1.455659754954984919e+01 4.802450450162241459e-03 1.039181084722229720e+01
1.246314988428045822e+01 2.098250115719539899e+00 1.038483402664397737e+01
1.039210624742426070e+01 8.316435093834572356e+00 1.039210624742426248e+01
8.316435093834572356e+00 1.039210624742426070e+01 1.039210624742426248e+01
2.088293223634187346e+00 8.315812429562463137e+00 1.038968128774122768e+01
-1.176847002448147723e-02 1.038707176678281741e+01 1.038707176678281741e+01
1.456313103894641436e+01 1.245996412999803660e+01 1.038677179631983449e+01
1.245996412999803482e+01 1.456313103894641436e+01 1.038677179631983449e+01
8.315566572791547983e+00 1.246756006201132827e+01 1.246756006201132827e+01
1.038677179631983272e+01 1.456313103894641614e+01 1.245996412999803660e+01
1.246314988428045822e+01 4.176565973356024308e+00 1.246314988428045822e+01
1.456701740237387988e+01 6.243921399459794408e+00 1.246538687167558734e+01
8.317478600540203715e+00 -5.617402373874397226e-03 1.246538687167559090e+01
1.038483402664397737e+01 2.098250115719540343e+00 1.246314988428045822e+01
4.173861480360383069e+00 4.173861480360383069e+00 1.246908559507086878e+01
6.244662721781803150e+00 6.244662721781803150e+00 1.247715260339288967e+01
4.176565973356023420e+00 1.246314988428045822e+01 1.246314988428045822e+01
6.243921399459794408e+00 1.456701740237387988e+01 1.246538687167558734e+01
4.171718712258775774e+00 8.315812429562459585e+00 1.247310677636582099e+01
6.245587570437533209e+00 1.038968128774122590e+01 1.247310677636582277e+01
8.316737278218202079e+00 8.316737278218203855e+00 1.247715260339289145e+01
1.038753851963961772e+01 1.038753851963961772e+01 1.246908559507086878e+01
8.332107357871576178e-03 1.245253434223753253e+01 1.245253434223753253e+01
2.108865657762475365e+00 1.455306789264213307e+01 1.245253434223753608e+01
1.246756006201132827e+01 8.315566572791547983e+00 1.246756006201132827e+01
1.456313103894641436e+01 1.038677179631983449e+01 1.245996412999803660e+01
1.245253434223753253e+01 8.332107357871246581e-03 1.245253434223753253e+01
1.455306789264213130e+01 2.108865657762475809e+00 1.245253434223753608e+01
2.102924518189360548e+00 2.102924518189360548e+00 1.245847548181062336e+01
1.472322258577099530e-02 1.472322258576994232e-02 1.245214983271053022e+01
-1.731038946428394053e-03 4.174628203680161853e+00 1.245996412999802772e+01
2.093839937988680511e+00 6.245833427208453692e+00 1.246756006201132827e+01
8.315812429562459585e+00 4.171718712258775774e+00 1.247310677636582099e+01
1.038968128774122412e+01 6.245587570437534097e+00 1.247310677636582277e+01
4.174628203680160965e+00 -1.731038946427795790e-03 1.245996412999802949e+01
6.245833427208453692e+00 2.093839937988680955e+00 1.246756006201132827e+01
-5.617402373874922847e-03 8.317478600540203715e+00 1.246538687167558912e+01
2.098250115719539899e+00 1.038483402664397737e+01 1.246314988428045822e+01
1.245847548181063225e+01 1.245847548181063402e+01 1.245847548181063402e+01
1.454667677741422160e+01 1.454667677741422338e+01 1.245214983271054088e+01
2.109250167289439482e+00 1.472322258577114275e-02 1.454667677741421450e+01
1.472322258576947047e-02 2.109250167289439926e+00 1.454667677741421272e+01
1.039083645839341230e+01 8.316247313349249382e+00 1.457710576327344576e+01
8.316247313349247605e+00 1.039083645839341408e+01 1.457710576327344754e+01
6.245152686650746077e+00 4.170563541606595592e+00 1.457710576327344398e+01
4.170563541606594704e+00 6.245152686650745189e+00 1.457710576327344398e+01
2.096013128324416108e+00 8.317478600540200162e+00 1.456701740237388165e+01
4.802450450162452228e-03 1.039181084722229720e+01 1.455659754954984919e+01
1.038707176678281741e+01 4.174328233217190487e+00 1.457316847002447524e+01
8.316792274158363085e+00 6.244607725841638590e+00 1.458113521698635928e+01
1.453229541186847307e+01 2.910458813153309413e-02 1.453229541186847484e+01
1.245253434223753430e+01 2.108865657762476253e+00 1.455306789264213307e+01
6.244607725841637702e+00 8.316792274158363085e+00 1.458113521698635751e+01
4.174328233217189599e+00 1.038707176678281741e+01 1.457316847002447524e+01
1.455858641571315459e+01 8.318518677532861005e+00 1.455858641571315459e+01
1.245996412999803660e+01 1.038677179631983449e+01 1.456313103894641614e+01
1.039181084722229720e+01 4.802450450162597945e-03 1.455659754954984919e+01
8.317478600540200162e+00 2.096013128324416552e+00 1.456701740237388165e+01
6.243921399459793520e+00 1.246538687167558734e+01 1.456701740237387988e+01
4.169589152777705365e+00 1.455659754954984919e+01 1.455659754954984741e+01
2.101435870001955752e+00 4.174628203680158300e+00 1.456313103894640548e+01
2.813584286843916291e-03 6.242881322467140670e+00 1.455858641571314749e+01
1.038677179631983272e+01 1.245996412999803660e+01 1.456313103894641614e+01
8.318518677532861005e+00 1.455858641571315459e+01 1.455858641571315637e+01
6.242881322467140670e+00 2.813584286844622324e-03 1.455858641571314926e+01
4.174628203680159189e+00 2.101435870001957085e+00 1.456313103894640726e+01
2.108865657762475809e+00 1.245253434223753608e+01 1.455306789264213307e+01
2.910458813153217125e-02 1.453229541186847307e+01 1.453229541186847484e+01
1.455659754954984741e+01 4.169589152777705365e+00 1.455659754954984919e+01
1.246538687167558557e+01 6.243921399459794408e+00 1.456701740237387988e+01
1.454667677741422160e+01 1.245214983271054265e+01 1.454667677741422160e+01
1.245214983271054088e+01 1.454667677741422338e+01 1.454667677741422160e+01
