2.114715161294716150e+00 2.114715161294717038e+00 1.419214834575520390e-02
3.497790567910624704e-02 3.497790567910698950e-02 3.497790567910748216e-02
1.004484795617717301e-02 4.174296272742905600e+00 1.004484795617874293e-02
2.100669286008886694e+00 6.248742932785209980e+00 -6.286290935382024807e-04
6.173193871282661033e-03 8.322474597360093540e+00 6.173193871283904829e-03
2.098536912654360265e+00 1.039860683878568004e+01 -2.265243952432026159e-03
7.371685633059687354e-03 1.247511443750078008e+01 7.371685633060656197e-03
2.107087687664388032e+00 1.454180106011944495e+01 3.951164185254853189e-03
2.037731367198476751e-02 1.660697323616665244e+01 2.037731367198565222e-02
2.114826763833328016e+00 1.870142268632799798e+01 2.037731367198164847e-02
4.174296272742904712e+00 1.004484795617814792e-02 1.004484795617803169e-02
6.248742932785209092e+00 2.100669286008887582e+00 -6.286290935388370643e-04
4.180090280862493124e+00 4.180090280862494012e+00 -6.029162639848582340e-03
6.250359596678091378e+00 6.250359596678092267e+00 -1.595987113786965367e-02
4.172028941025579307e+00 8.323653546777475043e+00 -1.308210685972940705e-02
6.248135677058477278e+00 1.039773146140976046e+01 -1.846334189350695362e-02
4.175368015458852611e+00 1.247088923466783328e+01 -1.072288245489611686e-02
6.250910765332174712e+00 1.454643198454114916e+01 -1.072288245489718371e-02
4.179998939880530173e+00 1.661471231233560175e+01 3.951164185252283197e-03
6.246685562499193267e+00 1.871442831436693055e+01 7.371685633056449492e-03
8.322474597360093540e+00 6.173193871283864931e-03 6.173193871283021855e-03
1.039860683878568004e+01 2.098536912654361153e+00 -2.265243952432838010e-03
8.323653546777475043e+00 4.172028941025579307e+00 -1.308210685973001247e-02
1.039773146140976046e+01 6.248135677058478166e+00 -1.846334189350681484e-02
8.323715415323983180e+00 8.323715415323984956e+00 -2.108472835594066286e-02
1.039808458467601859e+01 1.039808458467601859e+01 -2.108472835593929590e-02
8.324068538590234212e+00 1.247366432294153249e+01 -1.846334189350869182e-02
1.039814645322251785e+01 1.454977105897441270e+01 -1.308210685973463204e-02
8.323193161214312852e+00 1.662326308734563440e+01 -2.265243952435414942e-03
1.039932540263989580e+01 1.871562680612870722e+01 6.173193871282955068e-03
1.247511443750078008e+01 7.371685633060441958e-03 7.371685633060160066e-03
1.454180106011944495e+01 2.107087687664388920e+00 3.951164185254651094e-03
1.247088923466783328e+01 4.175368015458853499e+00 -1.072288245489662686e-02
1.454643198454114916e+01 6.250910765332175600e+00 -1.072288245489709003e-02
1.247366432294153249e+01 8.324068538590234212e+00 -1.846334189350833793e-02
1.454977105897441270e+01 1.039814645322251963e+01 -1.308210685973457479e-02
1.247144040332189974e+01 1.247144040332190151e+01 -1.595987113787323761e-02
1.454170971913751309e+01 1.454170971913751487e+01 -6.029162639857532646e-03
1.247305706721477492e+01 1.662113071399111064e+01 -6.286290935464457783e-04
1.454750372725709084e+01 1.871175515204381412e+01 1.004484795617914192e-02
1.660697323616665244e+01 2.037731367198575977e-02 2.037731367198579793e-02
1.870142268632799798e+01 2.114826763833329348e+00 2.037731367198198501e-02
1.661471231233560175e+01 4.179998939880531950e+00 3.951164185252779328e-03
1.871442831436693055e+01 6.246685562499194155e+00 7.371685633056554443e-03
1.662326308734563440e+01 8.323193161214314628e+00 -2.265243952436060693e-03
1.871562680612870722e+01 1.039932540263989758e+01 6.173193871283176246e-03
1.662113071399111064e+01 1.247305706721477669e+01 -6.286290935468272006e-04
1.871175515204381057e+01 1.454750372725709617e+01 1.004484795617853997e-02
1.660708483870529406e+01 1.660708483870529761e+01 1.419214834575425327e-02
1.868682209432089536e+01 1.868682209432090247e+01 3.497790567910120246e-02
1.039784302890333478e+01 8.323956971096666990e+00 2.082065373668005481e+00
8.323956971096665214e+00 1.039784302890333478e+01 2.082065373668005481e+00
6.252570119987081121e+00 4.176866698315688353e+00 2.092851586642051398e+00
4.176866698315688353e+00 6.252570119987080233e+00 2.092851586642051842e+00
1.039732160047110021e+01 1.247208022369220259e+01 2.084740592995268482e+00
8.324718815297044827e+00 1.454751183180269258e+01 2.090144783640310422e+00
2.098751458091420385e+00 1.246986290132581665e+01 2.098751458091420830e+00
3.951164185254344915e-03 1.454180106011944495e+01 2.107087687664388920e+00
1.039787597428279575e+01 1.662572678807525861e+01 2.096073211924720958e+00
8.323193161214311075e+00 1.872406524395242400e+01 2.098536912654354047e+00
6.249719776307806285e+00 8.324478399528898009e+00 2.084740592995268926e+00
4.174288168197311855e+00 1.039708118470295162e+01 2.090144783640309090e+00
1.454180106011944495e+01 3.951164185255212277e-03 2.107087687664388920e+00
1.246986290132581665e+01 2.098751458091420830e+00 2.098751458091420385e+00
1.419214834575384387e-02 2.114715161294716594e+00 2.114715161294717927e+00
2.114715161294716594e+00 1.419214834575428102e-02 2.114715161294717483e+00
1.454190601895742141e+01 4.179893981042575035e+00 2.098078693215833290e+00
1.247076412291181313e+01 6.251035877088195747e+00 2.087421755746790453e+00
6.251035877088194859e+00 1.247076412291181313e+01 2.087421755746790453e+00
4.179893981042575035e+00 1.454190601895742319e+01 2.098078693215833290e+00
1.454751183180269258e+01 8.324718815297046604e+00 2.090144783640310422e+00
1.247208022369220259e+01 1.039732160047110199e+01 2.084740592995268482e+00
2.108777072958837095e+00 1.661302292704115402e+01 2.108777072958837540e+00
2.037731367198199195e-02 1.870142268632799798e+01 2.114826763833328904e+00
1.454493330168430987e+01 1.246922988001292154e+01 2.092851586642044737e+00
1.246922988001291976e+01 1.454493330168431164e+01 2.092851586642044737e+00
6.251937098674170912e+00 1.662304854190858450e+01 2.098751458091418609e+00
4.179998939880527509e+00 1.871784883581473480e+01 2.107087687664385811e+00
1.453934782862488362e+01 1.661769667437159015e+01 2.104103325628388532e+00
1.247305706721478025e+01 1.872242862909351402e+01 2.100669286008886250e+00
2.096073211924723623e+00 8.323924025717198916e+00 2.096073211924724511e+00
-2.265243952432971150e-03 1.039860683878568004e+01 2.098536912654361597e+00
1.870142268632800153e+01 2.037731367198322360e-02 2.114826763833328904e+00
1.661302292704115402e+01 2.108777072958837984e+00 2.108777072958837540e+00
1.039860683878568004e+01 -2.265243952432283332e-03 2.098536912654360709e+00
8.323924025717198916e+00 2.096073211924724067e+00 2.096073211924723623e+00
1.871784883581473480e+01 4.179998939880528397e+00 2.107087687664385811e+00
1.662304854190858450e+01 6.251937098674171800e+00 2.098751458091418609e+00
6.248742932785209980e+00 -6.286290935388882386e-04 2.100669286008887138e+00
4.182452171375111938e+00 2.104103325628399634e+00 2.104103325628400079e+00
1.872406524395242045e+01 8.323193161214312852e+00 2.098536912654354047e+00
1.662572678807525861e+01 1.039787597428279753e+01 2.096073211924720958e+00
1.039708118470295162e+01 4.174288168197311855e+00 2.090144783640308646e+00
8.324478399528898009e+00 6.249719776307807173e+00 2.084740592995268482e+00
1.872242862909351402e+01 1.247305706721478202e+01 2.100669286008885361e+00
1.661769667437159015e+01 1.453934782862488539e+01 2.104103325628388088e+00
2.104103325628399190e+00 4.182452171375111938e+00 2.104103325628400523e+00
-6.286290935393889232e-04 6.248742932785209980e+00 2.100669286008888026e+00
1.870760785165424878e+01 1.660708483870529406e+01 2.114715161294716150e+00
1.660708483870529051e+01 1.870760785165425233e+01 2.114715161294717927e+00
1.246957912507975053e+01 4.174288107366022516e+00 4.174288107366022516e+00
1.454751189263397215e+01 6.252220874920248583e+00 4.174288107366020739e+00
4.172039721899071019e+00 8.324808456040532434e+00 4.172039721899071907e+00
6.249394227519268874e+00 1.039739481343143801e+01 4.168506964961856909e+00
8.324808456040532434e+00 4.172039721899071019e+00 4.172039721899071019e+00
1.039739481343143801e+01 6.249394227519269762e+00 4.168506964961856909e+00
1.247240577248073201e+01 8.324405186568563764e+00 4.168506964961858685e+00
1.454976027810093164e+01 1.039699154395946934e+01 4.172039721899072795e+00
-1.072288245489670146e-02 1.247088923466783328e+01 4.175368015458853499e+00
2.098078693215833290e+00 1.454190601895742319e+01 4.179893981042575035e+00
4.180090280862494012e+00 -6.029162639849431488e-03 4.180090280862494012e+00
6.252570119987080233e+00 2.092851586642050954e+00 4.176866698315688353e+00
1.247097008016982045e+01 1.247097008016982223e+01 4.170874037090863240e+00
1.454388274234730183e+01 1.454388274234730360e+01 4.177917257652691951e+00
8.324057827553575706e+00 8.324057827553575706e+00 4.166198269272450183e+00
1.039774217244642429e+01 1.039774217244642429e+01 4.166198269272447519e+00
4.174288107366021627e+00 1.246957912507975053e+01 4.174288107366022516e+00
6.252220874920248583e+00 1.454751189263397215e+01 4.174288107366020739e+00
1.246922988001292154e+01 1.662894841335795348e+01 4.176866698315687465e+00
1.454170971913750599e+01 1.872782916263981434e+01 4.180090280862486907e+00
-1.308210685973025186e-02 8.323653546777475043e+00 4.172028941025580195e+00
2.090144783640308646e+00 1.039708118470295162e+01 4.174288168197311855e+00
8.324405186568563764e+00 1.247240577248073201e+01 4.168506964961858685e+00
1.039699154395946756e+01 1.454976027810093342e+01 4.172039721899072795e+00
1.661471231233560175e+01 3.951164185253592045e-03 4.179998939880530173e+00
1.871784883581473480e+01 2.107087687664386699e+00 4.179998939880527509e+00
2.104103325628399634e+00 2.104103325628399190e+00 4.182452171375112826e+00
1.004484795617753383e-02 1.004484795617749220e-02 4.174296272742906488e+00
4.179893981042573259e+00 1.662372130678418003e+01 4.179893981042573259e+00
6.250910765332169383e+00 1.873252288245489083e+01 4.175368015458847282e+00
1.662372130678417648e+01 4.179893981042573259e+00 4.179893981042572371e+00
1.873252288245489083e+01 6.250910765332171160e+00 4.175368015458846394e+00
8.324718815297043051e+00 1.663165521635969313e+01 4.174288168197309190e+00
1.039814645322252318e+01 1.873488210685972888e+01 4.172028941025577531e+00
4.177917257652694616e+00 4.177917257652693728e+00 4.177917257652694616e+00
6.250829919830183989e+00 6.250829919830183989e+00 4.170874037090864128e+00
1.663165521635968958e+01 8.324718815297044827e+00 4.174288168197309190e+00
1.873488210685972888e+01 1.039814645322252495e+01 4.172028941025576643e+00
3.951164185252427179e-03 1.661471231233560175e+01 4.179998939880531061e+00
2.107087687664385811e+00 1.871784883581473480e+01 4.179998939880527509e+00
1.247088923466783328e+01 -1.072288245489627471e-02 4.175368015458853499e+00
1.454190601895742141e+01 2.098078693215833734e+00 4.179893981042575035e+00
1.662894841335795348e+01 1.246922988001292509e+01 4.176866698315686577e+00
1.872782916263981434e+01 1.454170971913750776e+01 4.180090280862486907e+00
8.323653546777475043e+00 -1.308210685972975747e-02 4.172028941025579307e+00
1.039708118470295162e+01 2.090144783640308646e+00 4.174288168197311855e+00
-6.029162639849634450e-03 4.180090280862493124e+00 4.180090280862494012e+00
2.092851586642050954e+00 6.252570119987080233e+00 4.176866698315689241e+00
1.661769667437159015e+01 1.661769667437159015e+01 4.182452171375103944e+00
1.871175515204381412e+01 1.871175515204381767e+01 4.174296272742915370e+00
1.455092596290913143e+01 1.247097008016982045e+01 6.250829919830188430e+00
1.247097008016981867e+01 1.455092596290913143e+01 6.250829919830189318e+00
1.039773146140976046e+01 -1.846334189350666219e-02 6.248135677058478166e+00
8.324478399528898009e+00 2.084740592995268482e+00 6.249719776307806285e+00
2.098751458091418609e+00 1.662304854190858450e+01 6.251937098674171800e+00
7.371685633057018482e-03 1.871442831436693055e+01 6.246685562499193267e+00
1.039732160047110021e+01 1.663705940700473462e+01 6.249719776307806285e+00
8.324068538590234212e+00 1.874026334189351317e+01 6.248135677058472837e+00
1.454493330168430987e+01 1.662894841335795348e+01 6.252570119987082009e+00
1.247144040332190151e+01 1.873775987113787878e+01 6.250359596678085161e+00
2.087421755746790009e+00 1.247076412291181313e+01 6.251035877088194859e+00
-1.072288245489770933e-02 1.454643198454114916e+01 6.250910765332174712e+00
6.249140177766093096e+00 1.247265982223390957e+01 6.249140177766093096e+00
4.174288107366020739e+00 1.454751189263397215e+01 6.252220874920247695e+00
1.039739481343143801e+01 4.168506964961856909e+00 6.249394227519269762e+00
8.324098351837964316e+00 6.247850375038654924e+00 6.247850375038654924e+00
1.871442831436693055e+01 7.371685633057335936e-03 6.246685562499192379e+00
1.662304854190858450e+01 2.098751458091419497e+00 6.251937098674170912e+00
1.454643198454114916e+01 -1.072288245489684544e-02 6.250910765332174712e+00
1.247076412291181313e+01 2.087421755746790897e+00 6.251035877088194859e+00
6.250829919830183989e+00 4.170874037090864128e+00 6.250829919830183989e+00
4.170874037090864128e+00 6.250829919830183989e+00 6.250829919830183989e+00
2.092851586642051398e+00 4.176866698315688353e+00 6.252570119987081121e+00
-1.595987113787034756e-02 6.250359596678091378e+00 6.250359596678092267e+00
1.873252288245489083e+01 4.175368015458847282e+00 6.250910765332169383e+00
1.663437824425319889e+01 6.251035877088192194e+00 6.251035877088191306e+00
-6.286290935389897199e-04 2.100669286008886694e+00 6.248742932785210868e+00
2.100669286008887138e+00 -6.286290935389112237e-04 6.248742932785209980e+00
1.454751189263397215e+01 4.174288107366021627e+00 6.252220874920248583e+00
1.247265982223390957e+01 6.249140177766093096e+00 6.249140177766093096e+00
1.039815095987824733e+01 8.323649040121750886e+00 6.246490589190045739e+00
8.323649040121749110e+00 1.039815095987824733e+01 6.246490589190045739e+00
1.874026334189351317e+01 8.324068538590235988e+00 6.248135677058471948e+00
1.663705940700473462e+01 1.039732160047110199e+01 6.249719776307804509e+00
6.251035877088191306e+00 1.663437824425319889e+01 6.251035877088192194e+00
4.175368015458845505e+00 1.873252288245489083e+01 6.250910765332171160e+00
6.250359596678092267e+00 -1.595987113787006306e-02 6.250359596678092267e+00
4.176866698315688353e+00 2.092851586642050954e+00 6.252570119987081121e+00
1.455329303503813954e+01 8.324405186568565540e+00 6.249394227519268874e+00
1.247394962496133886e+01 1.039770164816203391e+01 6.247850375038654924e+00
1.873775987113787522e+01 1.247144040332190329e+01 6.250359596678085161e+00
1.662894841335795348e+01 1.454493330168431342e+01 6.252570119987082897e+00
6.247850375038654036e+00 8.324098351837964316e+00 6.247850375038654924e+00
4.168506964961856021e+00 1.039739481343143801e+01 6.249394227519269762e+00
1.039770164816203213e+01 1.247394962496134063e+01 6.247850375038654924e+00
8.324405186568563764e+00 1.455329303503814131e+01 6.249394227519269762e+00
2.084740592995268038e+00 8.324478399528898009e+00 6.249719776307807173e+00
-1.846334189350720689e-02 1.039773146140976046e+01 6.248135677058478166e+00
1.872242862909351402e+01 1.662113071399111064e+01 6.248742932785209092e+00
1.662113071399110709e+01 1.872242862909351402e+01 6.248742932785209092e+00
8.323261511646636635e+00 8.323261511646636635e+00 8.323261511646636635e+00
1.039853848835335803e+01 1.039853848835335803e+01 8.323261511646640187e+00
4.172039721899071019e+00 4.172039721899071019e+00 8.324808456040532434e+00
6.247850375038654036e+00 6.247850375038654924e+00 8.324098351837964316e+00
-1.846334189350886876e-02 1.247366432294153249e+01 8.324068538590234212e+00
2.090144783640309978e+00 1.454751183180269258e+01 8.324718815297044827e+00
8.323715415323984956e+00 -2.108472835594066633e-02 8.323715415323984956e+00
1.039784302890333478e+01 2.082065373668005481e+00 8.323956971096666990e+00
1.662326308734563440e+01 -2.265243952434877178e-03 8.323193161214312852e+00
1.872406524395242400e+01 2.098536912654354047e+00 8.323193161214311075e+00
1.247240577248073379e+01 4.168506964961858685e+00 8.324405186568563764e+00
1.455329303503814131e+01 6.249394227519269762e+00 8.324405186568563764e+00
4.168506964961857797e+00 1.247240577248073201e+01 8.324405186568563764e+00
6.249394227519268874e+00 1.455329303503813954e+01 8.324405186568563764e+00
8.323649040121750886e+00 1.247530941080996136e+01 8.323649040121750886e+00
1.039774217244642252e+01 1.455560173072756491e+01 8.324057827553577482e+00
4.172028941025579307e+00 -1.308210685973000900e-02 8.323653546777475043e+00
6.249719776307807173e+00 2.084740592995268482e+00 8.324478399528898009e+00
1.663165521635969313e+01 4.174288168197309190e+00 8.324718815297043051e+00
1.874026334189351317e+01 6.248135677058473725e+00 8.324068538590234212e+00
-2.265243952436503914e-03 1.662326308734563440e+01 8.323193161214312852e+00
2.098536912654353159e+00 1.872406524395242045e+01 8.323193161214312852e+00
1.247530941080996314e+01 8.323649040121750886e+00 8.323649040121750886e+00
1.455560173072756491e+01 1.039774217244642429e+01 8.324057827553575706e+00
-1.308210685973020676e-02 4.172028941025579307e+00 8.323653546777475043e+00
2.084740592995268038e+00 6.249719776307806285e+00 8.324478399528898009e+00
8.324057827553575706e+00 4.166198269272450183e+00 8.324057827553575706e+00
1.039815095987824733e+01 6.246490589190045739e+00 8.323649040121750886e+00
1.663973462633200384e+01 8.323956971096663437e+00 8.323956971096663437e+00
1.874288472835593211e+01 1.039808458467602037e+01 8.323715415323983180e+00
8.323956971096661661e+00 1.663973462633200739e+01 8.323956971096663437e+00
1.039808458467601859e+01 1.874288472835593211e+01 8.323715415323983180e+00
4.166198269272449295e+00 8.324057827553575706e+00 8.324057827553575706e+00
6.246490589190044851e+00 1.039815095987824733e+01 8.323649040121750886e+00
1.247394962496133708e+01 1.247394962496133708e+01 8.324098351837964316e+00
1.454976027810092809e+01 1.454976027810092987e+01 8.324808456040537763e+00
4.174288168197309190e+00 1.663165521635968958e+01 8.324718815297044827e+00
6.248135677058471060e+00 1.874026334189351317e+01 8.324068538590235988e+00
1.663705940700473462e+01 1.247208022369220615e+01 8.324478399528898009e+00
1.873488210685973243e+01 1.454977105897441980e+01 8.323653546777473267e+00
-2.108472835594108613e-02 8.323715415323984956e+00 8.323715415323984956e+00
2.082065373668005037e+00 1.039784302890333478e+01 8.323956971096666990e+00
2.096073211924723179e+00 2.096073211924723623e+00 8.323924025717200692e+00
6.173193871283428648e-03 6.173193871282986293e-03 8.322474597360097093e+00
1.247366432294153249e+01 -1.846334189350812977e-02 8.324068538590234212e+00
1.454751183180269258e+01 2.090144783640310866e+00 8.324718815297044827e+00
1.247208022369220259e+01 1.663705940700473462e+01 8.324478399528898009e+00
1.454977105897441803e+01 1.873488210685973243e+01 8.323653546777473267e+00
1.662572678807526216e+01 1.662572678807526572e+01 8.323924025717202468e+00
1.871562680612870366e+01 1.871562680612870722e+01 8.322474597360093540e+00
1.871562680612870366e+01 6.173193871282931650e-03 1.039932540263989758e+01
1.662572678807525861e+01 2.096073211924722290e+00 1.039787597428279575e+01
-2.265243952433070463e-03 2.098536912654361153e+00 1.039860683878568182e+01
2.098536912654361597e+00 -2.265243952432896123e-03 1.039860683878568182e+01
1.039784302890333656e+01 1.663973462633200739e+01 1.039784302890333834e+01
8.323715415323981404e+00 1.874288472835593211e+01 1.039808458467602037e+01
1.455560173072756491e+01 8.324057827553577482e+00 1.039774217244642252e+01
1.247530941080996136e+01 1.039815095987824911e+01 1.039815095987824733e+01
6.247850375038655812e+00 1.247394962496133886e+01 1.039770164816203213e+01
4.172039721899072795e+00 1.454976027810093164e+01 1.039699154395946934e+01
2.084740592995268038e+00 1.247208022369220259e+01 1.039732160047110199e+01
-1.308210685973473959e-02 1.454977105897441270e+01 1.039814645322251785e+01
1.873488210685972888e+01 4.172028941025577531e+00 1.039814645322252318e+01
1.663705940700473462e+01 6.249719776307805397e+00 1.039732160047110021e+01
1.039853848835335981e+01 8.323261511646640187e+00 1.039853848835335803e+01
8.323261511646640187e+00 1.039853848835335803e+01 1.039853848835335803e+01
1.039808458467601859e+01 -2.108472835593954223e-02 1.039808458467601859e+01
8.323956971096666990e+00 2.082065373668005481e+00 1.039784302890333478e+01
2.082065373668004593e+00 8.323956971096666990e+00 1.039784302890333478e+01
-2.108472835594008346e-02 1.039808458467601859e+01 1.039808458467601859e+01
1.455329303503813954e+01 1.247240577248073201e+01 1.039739481343143446e+01
1.247240577248073023e+01 1.455329303503814131e+01 1.039739481343143446e+01
1.454977105897441447e+01 -1.308210685973380631e-02 1.039814645322251785e+01
1.247208022369220259e+01 2.084740592995268482e+00 1.039732160047110199e+01
1.874288472835593211e+01 8.323715415323983180e+00 1.039808458467601859e+01
1.663973462633200384e+01 1.039784302890333834e+01 1.039784302890333834e+01
6.246490589190045739e+00 8.323649040121749110e+00 1.039815095987824733e+01
4.166198269272447519e+00 1.039774217244642429e+01 1.039774217244642429e+01
2.096073211924720070e+00 1.662572678807525861e+01 1.039787597428279753e+01
6.173193871281455400e-03 1.871562680612870366e+01 1.039932540263989758e+01
6.249394227519268874e+00 4.168506964961856909e+00 1.039739481343143801e+01
4.168506964961856021e+00 6.249394227519268874e+00 1.039739481343143801e+01
1.039815095987824911e+01 1.247530941080996136e+01 1.039815095987824733e+01
8.324057827553575706e+00 1.455560173072756491e+01 1.039774217244642252e+01
1.454751183180269081e+01 1.663165521635969313e+01 1.039708118470295517e+01
1.247366432294154137e+01 1.874026334189350962e+01 1.039773146140976579e+01
1.874026334189350962e+01 1.247366432294154315e+01 1.039773146140976579e+01
1.663165521635968958e+01 1.454751183180269436e+01 1.039708118470295517e+01
6.249719776307804509e+00 1.663705940700473462e+01 1.039732160047110199e+01
4.172028941025576643e+00 1.873488210685972888e+01 1.039814645322252495e+01
1.454976027810093164e+01 4.172039721899072795e+00 1.039699154395946756e+01
1.247394962496134063e+01 6.247850375038655812e+00 1.039770164816203213e+01
1.039774217244642429e+01 4.166198269272448407e+00 1.039774217244642429e+01
8.323649040121750886e+00 6.246490589190045739e+00 1.039815095987824733e+01
6.248135677058477278e+00 -1.846334189350676280e-02 1.039773146140976046e+01
4.174288168197311855e+00 2.090144783640308201e+00 1.039708118470295162e+01
2.090144783640308201e+00 4.174288168197310966e+00 1.039708118470295162e+01
-1.846334189350722424e-02 6.248135677058477278e+00 1.039773146140976046e+01
1.872406524395242755e+01 1.662326308734563440e+01 1.039860683878567826e+01
1.662326308734563440e+01 1.872406524395242755e+01 1.039860683878567826e+01
1.247144040332190151e+01 -1.595987113787305026e-02 1.247144040332190151e+01
1.454493330168431164e+01 2.092851586642045181e+00 1.246922988001292154e+01
8.324405186568563764e+00 4.168506964961858685e+00 1.247240577248073201e+01
1.039770164816203391e+01 6.247850375038654924e+00 1.247394962496133886e+01
8.324098351837966092e+00 1.247394962496133708e+01 1.247394962496133530e+01
1.039739481343143446e+01 1.455329303503814131e+01 1.247240577248073023e+01
1.662894841335795348e+01 4.176866698315687465e+00 1.246922988001292332e+01
1.873775987113787522e+01 6.250359596678085161e+00 1.247144040332190151e+01
1.247265982223390601e+01 1.247265982223390601e+01 1.247265982223390601e+01
1.454751189263397393e+01 1.454751189263397571e+01 1.246957912507975408e+01
4.170874037090864128e+00 1.247097008016982223e+01 1.247097008016982223e+01
6.250829919830188430e+00 1.455092596290913143e+01 1.247097008016982045e+01
4.175368015458853499e+00 -1.072288245489624349e-02 1.247088923466783505e+01
6.251035877088195747e+00 2.087421755746790453e+00 1.247076412291181313e+01
4.168506964961857797e+00 8.324405186568563764e+00 1.247240577248073201e+01
6.247850375038655812e+00 1.039770164816203213e+01 1.247394962496133886e+01
4.174288107366021627e+00 4.174288107366021627e+00 1.246957912507975053e+01
6.249140177766093096e+00 6.249140177766092208e+00 1.247265982223391134e+01
1.247097008016982223e+01 4.170874037090864128e+00 1.247097008016982223e+01
1.455092596290913320e+01 6.250829919830189318e+00 1.247097008016982045e+01
1.663705940700473462e+01 8.324478399528899786e+00 1.247208022369220437e+01
1.874026334189350962e+01 1.039773146140976579e+01 1.247366432294153960e+01
8.324068538590234212e+00 -1.846334189350824426e-02 1.247366432294153249e+01
1.039732160047110199e+01 2.084740592995268482e+00 1.247208022369220259e+01
1.247076412291181491e+01 1.663437824425319889e+01 1.247076412291181668e+01
1.454643198454114916e+01 1.873252288245489083e+01 1.247088923466783505e+01
-1.595987113787387252e-02 1.247144040332190151e+01 1.247144040332190151e+01
2.092851586642043848e+00 1.454493330168431164e+01 1.246922988001292154e+01
8.324478399528898009e+00 1.663705940700473462e+01 1.247208022369220437e+01
1.039773146140976401e+01 1.874026334189350962e+01 1.247366432294154137e+01
8.323649040121750886e+00 8.323649040121750886e+00 1.247530941080996136e+01
1.039815095987824911e+01 1.039815095987824733e+01 1.247530941080995959e+01
2.098751458091420385e+00 2.098751458091420385e+00 1.246986290132581665e+01
7.371685633059547708e-03 7.371685633059647455e-03 1.247511443750078008e+01
1.663437824425319889e+01 1.247076412291181668e+01 1.247076412291181491e+01
1.873252288245489083e+01 1.454643198454115094e+01 1.247088923466783505e+01
-1.072288245489675697e-02 4.175368015458853499e+00 1.247088923466783505e+01
2.087421755746790009e+00 6.251035877088193971e+00 1.247076412291181313e+01
1.247394962496133886e+01 8.324098351837966092e+00 1.247394962496133708e+01
1.455329303503813954e+01 1.039739481343143623e+01 1.247240577248073023e+01
1.662113071399111064e+01 -6.286290935454705384e-04 1.247305706721477669e+01
1.872242862909351402e+01 2.100669286008886694e+00 1.247305706721478202e+01
4.176866698315687465e+00 1.662894841335795348e+01 1.246922988001292332e+01
6.250359596678085161e+00 1.873775987113787878e+01 1.247144040332190329e+01
-6.286290935480238345e-04 1.662113071399111064e+01 1.247305706721477669e+01
2.100669286008884473e+00 1.872242862909351047e+01 1.247305706721478380e+01
-1.846334189350885141e-02 8.324068538590234212e+00 1.247366432294153249e+01
2.084740592995267594e+00 1.039732160047110199e+01 1.247208022369220259e+01
1.662304854190858450e+01 1.662304854190858805e+01 1.246986290132582553e+01
1.871442831436693766e+01 1.871442831436693766e+01 1.247511443750078364e+01
1.872782916263981434e+01 4.180090280862486907e+00 1.454170971913750776e+01
1.662894841335795348e+01 6.252570119987082897e+00 1.454493330168431164e+01
1.454388274234730360e+01 4.177917257652691951e+00 1.454388274234730360e+01
1.247097008016982045e+01 6.250829919830189318e+00 1.455092596290913143e+01
1.039708118470295517e+01 1.663165521635969313e+01 1.454751183180269258e+01
8.323653546777473267e+00 1.873488210685973243e+01 1.454977105897441803e+01
6.250829919830190207e+00 1.247097008016982045e+01 1.455092596290913143e+01
4.177917257652691063e+00 1.454388274234730360e+01 1.454388274234730360e+01
6.249394227519269762e+00 8.324405186568563764e+00 1.455329303503813954e+01
4.172039721899072795e+00 1.039699154395946756e+01 1.454976027810093164e+01
2.098078693215832846e+00 4.179893981042575035e+00 1.454190601895742319e+01
-1.072288245489777699e-02 6.250910765332175600e+00 1.454643198454114916e+01
1.454190601895742851e+01 1.662372130678418714e+01 1.454190601895742851e+01
1.247088923466783505e+01 1.873252288245489083e+01 1.454643198454114916e+01
1.039699154395946756e+01 4.172039721899072795e+00 1.454976027810093164e+01
8.324405186568565540e+00 6.249394227519268874e+00 1.455329303503814131e+01
1.873488210685973243e+01 8.323653546777475043e+00 1.454977105897441803e+01
1.663165521635969313e+01 1.039708118470295695e+01 1.454751183180269258e+01
2.104103325628387644e+00 1.661769667437159015e+01 1.453934782862488539e+01
1.004484795617611309e-02 1.871175515204381057e+01 1.454750372725709617e+01
2.092851586642043848e+00 1.246922988001292154e+01 1.454493330168431164e+01
-6.029162639857980205e-03 1.454170971913751487e+01 1.454170971913751664e+01
1.454976027810092809e+01 8.324808456040537763e+00 1.454976027810092809e+01
1.247240577248073023e+01 1.039739481343143446e+01 1.455329303503813954e+01
1.039739481343143446e+01 1.247240577248073201e+01 1.455329303503813954e+01
8.324808456040537763e+00 1.454976027810092809e+01 1.454976027810092809e+01
1.454170971913751487e+01 -6.029162639857203049e-03 1.454170971913751487e+01
1.246922988001292154e+01 2.092851586642045181e+00 1.454493330168431164e+01
3.951164185253641485e-03 2.107087687664388032e+00 1.454180106011944495e+01
2.107087687664388032e+00 3.951164185253953735e-03 1.454180106011944495e+01
1.871175515204381412e+01 1.004484795618038918e-02 1.454750372725709440e+01
1.661769667437159015e+01 2.104103325628388976e+00 1.453934782862488539e+01
1.873252288245489083e+01 1.247088923466783505e+01 1.454643198454114916e+01
1.662372130678418714e+01 1.454190601895742851e+01 1.454190601895742674e+01
1.039814645322251785e+01 -1.308210685973398672e-02 1.454977105897441270e+01
8.324718815297044827e+00 2.090144783640310866e+00 1.454751183180269258e+01
6.250910765332175600e+00 -1.072288245489743351e-02 1.454643198454114916e+01
4.179893981042575035e+00 2.098078693215833290e+00 1.454190601895742319e+01
2.090144783640310422e+00 8.324718815297044827e+00 1.454751183180269258e+01
-1.308210685973455224e-02 1.039814645322251785e+01 1.454977105897441447e+01
6.252570119987082009e+00 1.662894841335795348e+01 1.454493330168431164e+01
4.180090280862486907e+00 1.872782916263981434e+01 1.454170971913750776e+01
1.454751189263397393e+01 1.246957912507975408e+01 1.454751189263397393e+01
1.246957912507975408e+01 1.454751189263397393e+01 1.454751189263397393e+01
1.039774217244642252e+01 8.324057827553575706e+00 1.455560173072756314e+01
8.324057827553577482e+00 1.039774217244642252e+01 1.455560173072756314e+01
6.252220874920248583e+00 4.174288107366020739e+00 1.454751189263397215e+01
4.174288107366020739e+00 6.252220874920248583e+00 1.454751189263397215e+01
1.871784883581474190e+01 1.661471231233561241e+01 1.454180106011945917e+01
1.661471231233561241e+01 1.871784883581474190e+01 1.454180106011945917e+01
4.176866698315687465e+00 1.246922988001292332e+01 1.662894841335794993e+01
6.252570119987082897e+00 1.454493330168431164e+01 1.662894841335795348e+01
1.246986290132582553e+01 1.662304854190858450e+01 1.662304854190858450e+01
1.454180106011945917e+01 1.871784883581474190e+01 1.661471231233561241e+01
1.247305706721477669e+01 -6.286290935462193969e-04 1.662113071399111064e+01
1.453934782862488539e+01 2.104103325628388976e+00 1.661769667437159015e+01
1.247208022369220437e+01 8.324478399528898009e+00 1.663705940700473462e+01
1.454751183180269258e+01 1.039708118470295517e+01 1.663165521635969313e+01
2.108777072958837095e+00 2.108777072958837095e+00 1.661302292704115047e+01
2.037731367198496527e-02 2.037731367198516649e-02 1.660697323616665244e+01
3.951164185252284931e-03 4.179998939880531061e+00 1.661471231233560175e+01
2.098751458091418609e+00 6.251937098674171800e+00 1.662304854190858450e+01
1.662572678807526216e+01 8.323924025717202468e+00 1.662572678807526216e+01
1.872406524395242755e+01 1.039860683878568004e+01 1.662326308734563796e+01
8.323956971096663437e+00 8.323956971096663437e+00 1.663973462633200384e+01
1.039784302890333834e+01 1.039784302890333834e+01 1.663973462633200384e+01
4.179998939880531061e+00 3.951164185252213808e-03 1.661471231233560175e+01
6.251937098674171800e+00 2.098751458091418165e+00 1.662304854190858450e+01
-6.286290935462112654e-04 1.247305706721477669e+01 1.662113071399111419e+01
2.104103325628388532e+00 1.453934782862488539e+01 1.661769667437159015e+01
1.419214834575421164e-02 1.660708483870529406e+01 1.660708483870530117e+01
2.114715161294716150e+00 1.870760785165424878e+01 1.660708483870529051e+01
1.660708483870529761e+01 1.419214834575493502e-02 1.660708483870529761e+01
1.870760785165424878e+01 2.114715161294717483e+00 1.660708483870529406e+01
8.323924025717202468e+00 1.662572678807526216e+01 1.662572678807526216e+01
1.039860683878567826e+01 1.872406524395242755e+01 1.662326308734563440e+01
8.324718815297043051e+00 4.174288168197309190e+00 1.663165521635969313e+01
1.039732160047110199e+01 6.249719776307804509e+00 1.663705940700473462e+01
1.247076412291181491e+01 1.247076412291181491e+01 1.663437824425319889e+01
1.454190601895742851e+01 1.454190601895742674e+01 1.662372130678418358e+01
1.662304854190858450e+01 1.246986290132582553e+01 1.662304854190858450e+01
1.871784883581474546e+01 1.454180106011945739e+01 1.661471231233561241e+01
1.246922988001292332e+01 4.176866698315687465e+00 1.662894841335795348e+01
1.454493330168431164e+01 6.252570119987082897e+00 1.662894841335795348e+01
4.179893981042573259e+00 4.179893981042573259e+00 1.662372130678417648e+01
6.251035877088192194e+00 6.251035877088192194e+00 1.663437824425319889e+01
-2.265243952436578941e-03 8.323193161214314628e+00 1.662326308734563440e+01
2.096073211924721846e+00 1.039787597428279575e+01 1.662572678807525861e+01
8.323193161214314628e+00 -2.265243952436179521e-03 1.662326308734563440e+01
1.039787597428279575e+01 2.096073211924721402e+00 1.662572678807525861e+01
4.174288168197310078e+00 8.324718815297043051e+00 1.663165521635969313e+01
6.249719776307805397e+00 1.039732160047110021e+01 1.663705940700473462e+01
1.661769667437159015e+01 4.182452171375104832e+00 1.661769667437159015e+01
1.872242862909351402e+01 6.248742932785209980e+00 1.662113071399110709e+01
8.324478399528898009e+00 1.247208022369220259e+01 1.663705940700473462e+01
1.039708118470295517e+01 1.454751183180269258e+01 1.663165521635969313e+01
4.182452171375103944e+00 1.661769667437159015e+01 1.661769667437159015e+01
6.248742932785209980e+00 1.872242862909351402e+01 1.662113071399110709e+01
1.661302292704116823e+01 1.661302292704116468e+01 1.661302292704116468e+01
1.870142268632801219e+01 1.870142268632801219e+01 1.660697323616667020e+01
1.039860683878567826e+01 1.662326308734563440e+01 1.872406524395242755e+01
8.322474597360093540e+00 1.871562680612870366e+01 1.871562680612870366e+01
6.248742932785209980e+00 1.662113071399110709e+01 1.872242862909351402e+01
4.174296272742915370e+00 1.871175515204381412e+01 1.871175515204381412e+01
2.114715161294717927e+00 1.660708483870529051e+01 1.870760785165425233e+01
3.497790567910389475e-02 1.868682209432089891e+01 1.868682209432090247e+01
2.114826763833328460e+00 2.037731367198284196e-02 1.870142268632799798e+01
2.037731367198277257e-02 2.114826763833328904e+00 1.870142268632799798e+01
1.871562680612870366e+01 8.322474597360093540e+00 1.871562680612870366e+01
1.662326308734563796e+01 1.039860683878567826e+01 1.872406524395242755e+01
1.454170971913750599e+01 4.180090280862486907e+00 1.872782916263981434e+01
1.247144040332190329e+01 6.250359596678086049e+00 1.873775987113787522e+01
2.098536912654354047e+00 8.323193161214311075e+00 1.872406524395242045e+01
6.173193871283233491e-03 1.039932540263989758e+01 1.871562680612870722e+01
1.868682209432089891e+01 3.497790567910405435e-02 1.868682209432090247e+01
1.660708483870529051e+01 2.114715161294717927e+00 1.870760785165425233e+01
1.454643198454114916e+01 1.247088923466783505e+01 1.873252288245489083e+01
1.247088923466783505e+01 1.454643198454114739e+01 1.873252288245489083e+01
1.039773146140976401e+01 1.247366432294153960e+01 1.874026334189350962e+01
8.323653546777473267e+00 1.454977105897441803e+01 1.873488210685973243e+01
6.250910765332171160e+00 4.175368015458846394e+00 1.873252288245489083e+01
4.175368015458847282e+00 6.250910765332171160e+00 1.873252288245489083e+01
2.100669286008887138e+00 1.247305706721478202e+01 1.872242862909351402e+01
1.004484795618085929e-02 1.454750372725709084e+01 1.871175515204381767e+01
2.107087687664386699e+00 4.179998939880527509e+00 1.871784883581473480e+01
7.371685633056484187e-03 6.246685562499193267e+00 1.871442831436693055e+01
1.039808458467601859e+01 8.323715415323983180e+00 1.874288472835593211e+01
8.323715415323983180e+00 1.039808458467601859e+01 1.874288472835593211e+01
1.871442831436693766e+01 1.247511443750078364e+01 1.871442831436693766e+01
1.661471231233561241e+01 1.454180106011945739e+01 1.871784883581474190e+01
1.454750372725709262e+01 1.004484795617905345e-02 1.871175515204381057e+01
1.247305706721478202e+01 2.100669286008886250e+00 1.872242862909351402e+01
6.248135677058473725e+00 8.324068538590235988e+00 1.874026334189351317e+01
4.172028941025577531e+00 1.039814645322252495e+01 1.873488210685972888e+01
6.246685562499193267e+00 7.371685633056400920e-03 1.871442831436693055e+01
4.179998939880527509e+00 2.107087687664386255e+00 1.871784883581473480e+01
1.871175515204381412e+01 4.174296272742916258e+00 1.871175515204381412e+01
1.662113071399110709e+01 6.248742932785209980e+00 1.872242862909351402e+01
1.454977105897441980e+01 8.323653546777473267e+00 1.873488210685973243e+01
1.247366432294154137e+01 1.039773146140976401e+01 1.874026334189350962e+01
1.454180106011945739e+01 1.661471231233560886e+01 1.871784883581474190e+01
1.247511443750078364e+01 1.871442831436693766e+01 1.871442831436693766e+01
1.039814645322252495e+01 4.172028941025577531e+00 1.873488210685972888e+01
8.324068538590235988e+00 6.248135677058472837e+00 1.874026334189351317e+01
6.250359596678086049e+00 1.247144040332190151e+01 1.873775987113787522e+01
4.180090280862487795e+00 1.454170971913750599e+01 1.872782916263981434e+01
1.039932540263989758e+01 6.173193871282645420e-03 1.871562680612870722e+01
8.323193161214312852e+00 2.098536912654353159e+00 1.872406524395242400e+01
1.870142268632801219e+01 1.660697323616667020e+01 1.870142268632801219e+01
1.660697323616667020e+01 1.870142268632800864e+01 1.870142268632801219e+01
