2.119320600782947484e+00 2.119320600782947484e+00 1.879879435609083799e-02
3.959376021145998709e-02 3.959376021145968177e-02 3.959376021145910585e-02
1.439934715394379852e-02 4.178409453413905794e+00 1.439934715394388352e-02
2.104963119524524640e+00 6.252655945810401406e+00 3.695012730150425053e-03
9.707543714045663644e-03 8.325378826488538664e+00 9.707543714045642827e-03
2.100759533733580930e+00 1.040276755640076978e+01 5.604908808723955017e-04
8.999552740886734847e-03 1.247983442306781754e+01 8.999552740887196284e-03
2.102140350872212071e+00 1.455538128265512654e+01 1.532297117487289168e-03
1.140548593753883816e-02 1.663202682755186856e+01 1.140548593753904112e-02
2.111651298191422832e+00 1.869783455555814911e+01 8.498553368833559885e-03
2.490512232733966755e-02 2.076287490773609790e+01 2.490512232733984449e-02
2.119325092263908861e+00 2.285729487767267898e+01 2.490512232733863712e-02
4.178409453413905794e+00 1.439934715394415934e-02 1.439934715394384883e-02
6.252655945810402294e+00 2.104963119524524195e+00 3.695012730150424619e-03
4.184651118721116170e+00 4.184651118721116170e+00 -1.382813608382986014e-03
6.254780595580851532e+00 6.254780595580850644e+00 -1.158791937732351132e-02
4.175453830094608243e+00 8.327945634442302847e+00 -9.147621697308759223e-03
6.249678302948595388e+00 1.040339785776372494e+01 -1.629771444372914505e-02
4.173691905274653280e+00 1.247896947300701243e+01 -1.029207957262126376e-02
6.251733821772790023e+00 1.455347650439357210e+01 -1.474913935714999499e-02
4.179717315616623630e+00 1.662696635252285304e+01 -6.228738425095713994e-03
6.255233647477135506e+00 1.870248268438336581e+01 -6.228738425098702056e-03
4.184365444441842996e+00 2.077054870180856128e+01 8.498553368827160490e-03
6.250173172448121761e+00 2.287079451406243891e+01 1.140548593751961222e-02
8.325378826488540440e+00 9.707543714045205677e-03 9.707543714046177122e-03
1.040276755640076978e+01 2.100759533733581375e+00 5.604908808724780095e-04
8.327945634442302847e+00 4.175453830094608243e+00 -9.147621697308715855e-03
1.040339785776372317e+01 6.249678302948595388e+00 -1.629771444372914505e-02
8.328118370610095411e+00 8.328118370610097188e+00 -1.834112378233949611e-02
1.040323796261163913e+01 1.040323796261163913e+01 -2.181483042971653699e-02
8.326784430946387872e+00 1.247872490055974559e+01 -2.003224554669840590e-02
1.040347509944025539e+01 1.455541556905361844e+01 -2.003224554669919694e-02
8.328723495606427107e+00 1.663046617822721984e+01 -1.474913935714627922e-02
1.040323052699298678e+01 1.870850809472536014e+01 -1.029207957261685236e-02
8.326818717344869114e+00 2.078005964912778936e+01 1.532297117480328373e-03
1.040236557693217634e+01 2.287320044725914059e+01 8.999552740885798097e-03
1.247983442306781754e+01 8.999552740887270877e-03 8.999552740886609947e-03
1.455538128265512654e+01 2.102140350872212959e+00 1.532297117487125236e-03
1.247896947300701243e+01 4.173691905274654168e+00 -1.029207957262112325e-02
1.455347650439357210e+01 6.251733821772790023e+00 -1.474913935715002969e-02
1.247872490055974559e+01 8.326784430946386095e+00 -2.003224554669842672e-02
1.455541556905361844e+01 1.040347509944025539e+01 -2.003224554669923510e-02
1.247896203738836540e+01 1.247896203738836540e+01 -2.181483042971632882e-02
1.455408162938991268e+01 1.455408162938991090e+01 -1.834112378233397969e-02
1.247880214223627959e+01 1.663252169705140560e+01 -1.629771444372785441e-02
1.455425436555770524e+01 1.870674616990540784e+01 -9.147621697303509949e-03
1.247943244359922232e+01 2.078144046626643160e+01 5.604908808772685568e-04
1.455682117351146232e+01 2.287249245628594352e+01 9.707543714039488028e-03
1.663202682755186856e+01 1.140548593753919898e-02 1.140548593753911225e-02
1.869783455555814911e+01 2.111651298191423276e+00 8.498553368833731622e-03
1.662696635252285304e+01 4.179717315616624518e+00 -6.228738425096290790e-03
1.870248268438336936e+01 6.255233647477135506e+00 -6.228738425099472273e-03
1.663046617822721984e+01 8.328723495606427107e+00 -1.474913935714705290e-02
1.870850809472536014e+01 1.040323052699298678e+01 -1.029207957261688358e-02
1.663252169705140915e+01 1.247880214223627782e+01 -1.629771444372780584e-02
1.870674616990541139e+01 1.455425436555770169e+01 -9.147621697303622706e-03
1.662741940441916100e+01 1.662741940441915744e+01 -1.158791937731923523e-02
1.869754888127890879e+01 1.869754888127890879e+01 -1.382813608382660970e-03
1.662954405418960135e+01 2.077723688047548123e+01 3.695012730157270706e-03
1.870379054658612361e+01 2.286780065284609975e+01 1.439934715395142263e-02
2.076287490773609790e+01 2.490512232734005613e-02 2.490512232734087145e-02
2.285729487767267898e+01 2.119325092263908861e+00 2.490512232733963632e-02
2.077054870180856128e+01 4.184365444441842996e+00 8.498553368827975810e-03
2.287079451406244246e+01 6.250173172448121761e+00 1.140548593752110235e-02
2.078005964912778936e+01 8.326818717344869114e+00 1.532297117480973907e-03
2.287320044725914414e+01 1.040236557693217456e+01 8.999552740887456492e-03
2.078144046626643160e+01 1.247943244359922055e+01 5.604908808775335358e-04
2.287249245628594352e+01 1.455682117351146232e+01 9.707543714041396224e-03
2.077723688047548123e+01 1.662954405418960135e+01 3.695012730157847935e-03
2.286780065284609975e+01 1.870379054658612361e+01 1.439934715395127171e-02
2.076287939921706993e+01 2.076287939921706993e+01 1.879879435608729221e-02
2.284260623978856941e+01 2.284260623978857296e+01 3.959376021144882934e-02
2.103162700375707406e+00 1.662588254281164524e+01 2.103162700375707850e+00
8.498553368833214675e-03 1.869783455555814911e+01 2.111651298191422832e+00
1.455538128265512654e+01 1.532297117487528559e-03 2.102140350872212071e+00
1.247882814805364227e+01 2.098429549037069464e+00 2.098429549037069464e+00
6.252152061689740137e+00 1.247816610585430652e+01 2.086186936670268111e+00
4.177978629892764140e+00 1.455231797731051380e+01 2.093920228787320870e+00
1.455231797731051557e+01 4.177978629892764140e+00 2.093920228787320870e+00
1.247816610585430652e+01 6.252152061689740137e+00 2.086186936670268111e+00
2.099774816061606320e+00 8.328413327479335493e+00 2.099774816061606320e+00
5.604908808721777939e-04 1.040276755640076978e+01 2.100759533733581375e+00
1.455325134450024827e+01 8.328948655499749165e+00 2.084216939383122913e+00
1.247868934620527881e+01 1.040351065379472750e+01 2.080509555068123184e+00
6.255798989433087876e+00 1.662640101056690511e+01 2.091693552543309131e+00
4.184575609887286163e+00 1.869762439011272903e+01 2.102813357497572255e+00
1.455408526272738889e+01 1.247837184727118043e+01 2.082367509232175173e+00
1.247837184727118220e+01 1.455408526272738889e+01 2.082367509232175617e+00
2.113389669708253482e+00 2.076881033029175683e+01 2.113389669708253482e+00
2.490512232733915060e-02 2.285729487767267898e+01 2.119325092263908417e+00
1.455222616797942692e+01 1.662843999062775069e+01 2.088007069726252052e+00
1.247848974131406408e+01 1.870609366928776751e+01 2.092199681161760250e+00
6.256317457188347753e+00 2.077903729962429935e+01 2.103162700375704741e+00
4.184365444441854542e+00 2.287370144663116633e+01 2.111651298191423720e+00
1.455378667252067260e+01 2.078242518393839688e+01 2.099774816061612981e+00
1.247943244359923121e+01 2.288163950911913247e+01 2.100759533733583151e+00
2.108763407809543189e+00 4.187010266405588155e+00 2.108763407809543189e+00
3.695012730150353929e-03 6.252655945810401406e+00 2.104963119524524640e+00
1.869783455555814911e+01 8.498553368833646621e-03 2.111651298191423720e+00
1.662588254281164524e+01 2.103162700375707850e+00 2.103162700375707406e+00
1.040276755640077155e+01 5.604908808722464239e-04 2.100759533733581375e+00
8.328413327479335493e+00 2.099774816061606320e+00 2.099774816061606764e+00
1.869762439011272903e+01 4.184575609887286163e+00 2.102813357497572255e+00
1.662640101056690511e+01 6.255798989433087876e+00 2.091693552543308243e+00
6.252655945810401406e+00 3.695012730150333980e-03 2.104963119524524640e+00
4.187010266405588155e+00 2.108763407809543189e+00 2.108763407809543189e+00
1.870422137010725905e+01 8.329882022689481857e+00 2.093920228787318649e+00
1.663004793831026618e+01 1.040403389414569091e+01 2.086186936670264558e+00
1.040371025868593513e+01 4.176106330712254788e+00 2.092199681161764246e+00
8.329973832020582947e+00 6.253760009372260065e+00 2.088007069726251608e+00
1.870609366928776751e+01 1.247848974131406408e+01 2.092199681161761138e+00
1.662843999062775069e+01 1.455222616797942337e+01 2.088007069726252052e+00
2.098429549037069020e+00 1.247882814805364227e+01 2.098429549037069020e+00
1.532297117487185084e-03 1.455538128265512654e+01 2.102140350872212515e+00
1.870080912934890449e+01 1.662485327886103903e+01 2.097390436607338593e+00
1.662485327886103903e+01 1.870080912934890449e+01 2.097390436607338593e+00
1.040382815272882411e+01 8.328114737272617418e+00 2.082367509232174729e+00
8.328114737272617418e+00 1.040382815272882411e+01 2.082367509232174729e+00
1.869518973359443592e+01 2.077343659219047112e+01 2.108763407809541413e+00
1.662954405418959070e+01 2.287850498726986359e+01 2.104963119524526416e+00
6.257346721138984158e+00 4.181390870651101821e+00 2.097390436607338593e+00
4.181390870651101821e+00 6.257346721138984158e+00 2.097390436607338593e+00
2.285729487767267898e+01 2.490512232733930326e-02 2.119325092263909305e+00
2.076881033029175683e+01 2.113389669708253926e+00 2.113389669708254814e+00
1.040351065379472750e+01 1.247868934620527881e+01 2.080509555068123184e+00
8.328948655499750942e+00 1.455325134450025004e+01 2.084216939383122913e+00
2.287370144663116633e+01 4.184365444441853654e+00 2.111651298191424608e+00
2.077903729962429935e+01 6.256317457188346864e+00 2.103162700375705629e+00
1.879879435609089003e-02 2.119320600782947484e+00 2.119320600782947039e+00
2.119320600782947039e+00 1.879879435609121616e-02 2.119320600782947039e+00
2.288066770288251561e+01 8.326818717344854903e+00 2.102140350872207186e+00
2.078377045096295461e+01 1.040337185194635161e+01 2.098429549037067687e+00
1.040403389414569268e+01 1.663004793831026618e+01 2.086186936670265446e+00
8.329882022689483634e+00 1.870422137010725905e+01 2.093920228787318649e+00
2.288163950911913247e+01 1.247943244359923121e+01 2.100759533733584483e+00
2.078242518393839688e+01 1.455378667252067260e+01 2.099774816061613425e+00
6.253760009372259177e+00 8.329973832020582947e+00 2.088007069726251608e+00
4.176106330712254788e+00 1.040371025868593691e+01 2.092199681161764246e+00
2.287850498726986359e+01 1.662954405418959070e+01 2.104963119524527304e+00
2.077343659219047112e+01 1.869518973359443592e+01 2.108763407809541413e+00
1.040337185194635339e+01 2.078377045096295461e+01 2.098429549037066799e+00
8.326818717344856680e+00 2.288066770288251561e+01 2.102140350872206298e+00
2.286340120564391398e+01 2.076287939921707348e+01 2.119320600782946595e+00
2.076287939921706993e+01 2.286340120564391398e+01 2.119320600782947484e+00
4.178915615931647842e+00 1.662488349598261195e+01 4.178915615931647842e+00
6.257316504017385483e+00 1.870328438406834692e+01 4.178915615931644290e+00
-1.382813608383063426e-03 4.184651118721116170e+00 4.184651118721116170e+00
2.097390436607338593e+00 6.257346721138984158e+00 4.181390870651101821e+00
1.662696635252285304e+01 -6.228738425095744352e-03 4.179717315616624518e+00
1.869762439011272903e+01 2.102813357497572255e+00 4.184575609887286163e+00
8.330312824016623097e+00 1.662855846366542778e+01 4.171782012418786323e+00
1.040423788339940003e+01 1.870825243660944182e+01 4.173947563390560056e+00
4.182764184715469291e+00 4.182764184715469291e+00 4.182764184715469291e+00
6.255886974559626168e+00 6.255886974559627056e+00 4.175182750086833927e+00
1.662488349598261195e+01 4.178915615931647842e+00 4.178915615931647842e+00
1.870328438406834692e+01 6.257316504017385483e+00 4.178915615931645178e+00
4.184575609887288827e+00 2.077938664250243050e+01 4.184575609887288827e+00
6.255233647477134618e+00 2.288842873842509817e+01 4.179717315616624518e+00
8.329882022689480081e+00 2.078827977121268589e+01 4.177978629892760587e+00
1.040323052699298501e+01 2.289249207957262655e+01 4.173691905274650615e+00
1.662855846366542778e+01 8.330312824016623097e+00 4.171782012418786323e+00
1.870825243660944182e+01 1.040423788339940003e+01 4.173947563390560056e+00
-1.029207957262113886e-02 1.247896947300701243e+01 4.173691905274654168e+00
2.093920228787320870e+00 1.455231797731051557e+01 4.177978629892764140e+00
8.498553368827425902e-03 2.077054870180856128e+01 4.184365444441842996e+00
2.111651298191423720e+00 2.287370144663116633e+01 4.184365444441854542e+00
1.662995282941031761e+01 1.247799028509509611e+01 4.170005246945004629e+00
1.870646072072493737e+01 1.455153233567694393e+01 4.175739279275044957e+00
1.247896947300701420e+01 -1.029207957262093590e-02 4.173691905274654168e+00
1.455231797731051557e+01 2.093920228787321314e+00 4.177978629892764140e+00
8.327945634442304623e+00 -9.147621697308986471e-03 4.175453830094608243e+00
1.040371025868593691e+01 2.092199681161764246e+00 4.176106330712254788e+00
1.662631302544039613e+01 1.662631302544039613e+01 4.175182750086833039e+00
1.869943581528455212e+01 1.869943581528454857e+01 4.182764184715471067e+00
4.175739279275043181e+00 8.330667664323067712e+00 4.175739279275043181e+00
6.252247170589697589e+00 1.040420971490490132e+01 4.170005246945006405e+00
1.247796211660059740e+01 4.173947563390567161e+00 4.173947563390567161e+00
1.455188717598337966e+01 6.253641536334570539e+00 4.171782012418790764e+00
1.662485327886103548e+01 2.078480956339267394e+01 4.181390870651097380e+00
1.869754888127890524e+01 2.288358281360840962e+01 4.184651118721111729e+00
-9.147621697309048922e-03 8.327945634442302847e+00 4.175453830094608243e+00
2.092199681161764246e+00 1.040371025868593691e+01 4.176106330712254788e+00
8.330667664323067712e+00 4.175739279275044069e+00 4.175739279275043181e+00
1.040420971490490132e+01 6.252247170589698477e+00 4.170005246945007293e+00
2.077054870180856128e+01 8.498553368827406820e-03 4.184365444441843884e+00
2.287370144663116633e+01 2.111651298191423276e+00 4.184365444441855431e+00
1.247826635984012178e+01 8.328501638051971412e+00 4.166572609266295579e+00
1.455369836194803668e+01 1.040393364015988276e+01 4.166572609266294691e+00
2.108763407809543189e+00 2.108763407809543633e+00 4.187010266405588155e+00
1.439934715394389914e-02 1.439934715394416975e-02 4.178409453413905794e+00
2.077938664250243050e+01 4.184575609887288827e+00 4.184575609887289716e+00
2.288842873842509817e+01 6.255233647477133729e+00 4.179717315616625406e+00
4.173947563390566273e+00 1.247796211660059917e+01 4.173947563390567161e+00
6.253641536334571427e+00 1.455188717598337966e+01 4.171782012418791652e+00
1.247848814421611685e+01 1.247848814421611685e+01 4.164754436356142620e+00
1.455282612638124995e+01 1.455282612638124995e+01 4.168400863378801446e+00
2.078827977121268589e+01 8.329882022689478305e+00 4.177978629892761475e+00
2.289249207957262655e+01 1.040323052699298323e+01 4.173691905274650615e+00
8.329373873618758140e+00 8.329373873618758140e+00 4.168400863378807664e+00
1.040371185578388769e+01 1.040371185578388769e+01 4.164754436356143508e+00
4.184651118721116170e+00 -1.382813608382819481e-03 4.184651118721116170e+00
6.257346721138985046e+00 2.097390436607338593e+00 4.181390870651101821e+00
2.079000031883822075e+01 1.247848974131406763e+01 4.176106330712252124e+00
2.289134762169731374e+01 1.455425436555769991e+01 4.175453830094608243e+00
1.247799028509509789e+01 1.662995282941032116e+01 4.170005246945003741e+00
1.455153233567694571e+01 1.870646072072494093e+01 4.175739279275044957e+00
-6.228738425095963795e-03 1.662696635252285304e+01 4.179717315616624518e+00
2.102813357497572255e+00 1.869762439011272903e+01 4.184575609887285275e+00
2.078480956339267394e+01 1.662485327886103548e+01 4.181390870651097380e+00
2.288358281360840962e+01 1.869754888127890879e+01 4.184651118721111729e+00
8.328501638051971412e+00 1.247826635984012178e+01 4.166572609266294691e+00
1.040393364015988276e+01 1.455369836194803490e+01 4.166572609266295579e+00
1.247848974131406763e+01 2.079000031883822075e+01 4.176106330712251236e+00
1.455425436555769991e+01 2.289134762169731374e+01 4.175453830094608243e+00
2.077343659219047467e+01 2.077343659219047467e+01 4.187010266405592596e+00
2.286780065284610330e+01 2.286780065284610330e+01 4.178409453413907571e+00
6.251840850355779189e+00 8.329851578306497473e+00 6.251840850355779189e+00
4.170005246945006405e+00 1.040420971490490132e+01 6.252247170589697589e+00
6.255798989433086099e+00 2.079050644745668563e+01 6.255798989433086099e+00
4.179717315616624518e+00 2.288842873842509817e+01 6.255233647477134618e+00
1.455346429062901237e+01 8.328735709370997498e+00 6.249548206701255992e+00
1.247861226826691272e+01 1.040358773173309004e+01 6.246689911134581941e+00
1.871219475305498747e+01 1.247799028509510499e+01 6.252247170589700254e+00
1.663035914964420670e+01 1.455234842169350529e+01 6.251840850355776524e+00
1.040358773173309181e+01 1.247861226826691272e+01 6.246689911134581941e+00
8.328735709370999274e+00 1.455346429062901059e+01 6.249548206701255992e+00
6.254780595580851532e+00 -1.158791937732352520e-02 6.254780595580850644e+00
4.181390870651102709e+00 2.097390436607339037e+00 6.257346721138984158e+00
2.097390436607338593e+00 4.181390870651102709e+00 6.257346721138985046e+00
-1.158791937732385480e-02 6.254780595580850644e+00 6.254780595580850644e+00
1.870701724991317150e+01 1.662631302544038547e+01 6.255886974559624392e+00
1.662631302544038547e+01 1.870701724991317150e+01 6.255886974559624392e+00
1.455424967354299781e+01 1.247833665187796548e+01 6.248134854276024441e+00
1.247833665187796548e+01 1.455424967354299781e+01 6.248134854276024441e+00
3.695012730150438931e-03 2.104963119524525084e+00 6.252655945810401406e+00
2.104963119524524640e+00 3.695012730150883454e-03 6.252655945810401406e+00
1.040411537937447228e+01 1.663181484400598364e+01 6.250385155994035102e+00
8.330312824016624873e+00 1.871041798758120578e+01 6.253641536334570539e+00
1.870080912934890094e+01 2.078480956339267394e+01 6.257346721138985934e+00
1.662741940441916455e+01 2.289378791937732416e+01 6.254780595580846203e+00
1.040339785776372494e+01 -1.629771444372899933e-02 6.249678302948595388e+00
8.329973832020582947e+00 2.088007069726251608e+00 6.253760009372259177e+00
1.455234842169350706e+01 1.663035914964420670e+01 6.251840850355776524e+00
1.247799028509510499e+01 1.871219475305498747e+01 6.252247170589699365e+00
6.250385155994035102e+00 1.247808462062553048e+01 6.250385155994035102e+00
4.171782012418790764e+00 1.455188717598337966e+01 6.253641536334571427e+00
2.287079451406243891e+01 1.140548593751927742e-02 6.250173172448122649e+00
2.077903729962429935e+01 2.103162700375704741e+00 6.256317457188347753e+00
2.103162700375704741e+00 2.077903729962429935e+01 6.256317457188346864e+00
1.140548593752033213e-02 2.287079451406244246e+01 6.250173172448121761e+00
1.040403389414569268e+01 2.079601306332975952e+01 6.252152061689736584e+00
8.328723495606420002e+00 2.289694913935715803e+01 6.251733821772781141e+00
1.455222616797942337e+01 2.079419293027375915e+01 6.253760009372257400e+00
1.247880214223627604e+01 2.289849771444371029e+01 6.249678302948586506e+00
2.288842873842509462e+01 4.179717315616624518e+00 6.255233647477135506e+00
2.079050644745668563e+01 6.255798989433086099e+00 6.255798989433086987e+00
6.255886974559627056e+00 4.175182750086833927e+00 6.255886974559626168e+00
4.175182750086833927e+00 6.255886974559627056e+00 6.255886974559626168e+00
1.040420971490490132e+01 4.170005246945007293e+00 6.252247170589698477e+00
8.329851578306497473e+00 6.251840850355779189e+00 6.251840850355779189e+00
2.088007069726251164e+00 8.329973832020581170e+00 6.253760009372259177e+00
-1.629771444372934974e-02 1.040339785776372317e+01 6.249678302948595388e+00
2.289694913935715803e+01 8.328723495606420002e+00 6.251733821772782029e+00
2.079601306332975952e+01 1.040403389414569268e+01 6.252152061689735696e+00
1.870248268438336936e+01 -6.228738425099114052e-03 6.255233647477136394e+00
1.662640101056690511e+01 2.091693552543308687e+00 6.255798989433087876e+00
1.455347650439357210e+01 -1.474913935714966019e-02 6.251733821772790023e+00
1.247816610585430652e+01 2.086186936670268555e+00 6.252152061689741025e+00
6.253980103521314504e+00 1.662821989647870069e+01 6.253980103521314504e+00
4.178915615931645178e+00 1.870328438406834692e+01 6.257316504017384595e+00
2.289849771444371029e+01 1.247880214223627604e+01 6.249678302948586506e+00
2.079419293027375915e+01 1.455222616797942337e+01 6.253760009372256512e+00
2.091693552543308687e+00 1.662640101056690511e+01 6.255798989433087876e+00
-6.228738425098949254e-03 1.870248268438336936e+01 6.255233647477135506e+00
1.870328438406834692e+01 4.178915615931644290e+00 6.257316504017386372e+00
1.662821989647870069e+01 6.253980103521313616e+00 6.253980103521314504e+00
1.040386334812203373e+01 8.327950326457008501e+00 6.248134854276027106e+00
8.327950326457008501e+00 1.040386334812203550e+01 6.248134854276027106e+00
2.289378791937732771e+01 1.662741940441916455e+01 6.254780595580845315e+00
2.078480956339267749e+01 1.870080912934890094e+01 6.257346721138986823e+00
1.455188717598337966e+01 4.171782012418790764e+00 6.253641536334571427e+00
1.247808462062553048e+01 6.250385155994035991e+00 6.250385155994035991e+00
2.086186936670267666e+00 1.247816610585430652e+01 6.252152061689741025e+00
-1.474913935714988050e-02 1.455347650439357210e+01 6.251733821772789135e+00
1.871041798758120933e+01 8.330312824016624873e+00 6.253641536334569651e+00
1.663181484400598364e+01 1.040411537937447051e+01 6.250385155994035102e+00
2.287850498726986714e+01 2.077723688047548123e+01 6.252655945810397853e+00
2.077723688047548123e+01 2.287850498726986359e+01 6.252655945810396965e+00
1.663035914964420314e+01 1.663035914964420314e+01 8.329851578306495696e+00
1.870646072072494093e+01 1.870646072072494093e+01 8.330667664323057053e+00
4.175739279275044069e+00 4.175739279275044069e+00 8.330667664323067712e+00
6.251840850355779189e+00 6.251840850355779189e+00 8.329851578306497473e+00
1.247872490055974737e+01 -2.003224554669830182e-02 8.326784430946387872e+00
1.455325134450025004e+01 2.084216939383123357e+00 8.328948655499750942e+00
4.166572609266295579e+00 1.247826635984012178e+01 8.328501638051971412e+00
6.249548206701255992e+00 1.455346429062901059e+01 8.328735709370999274e+00
1.247837184727117865e+01 2.079983249076784091e+01 8.328114737272617418e+00
1.455408162938990912e+01 2.290054112378235018e+01 8.328118370610090082e+00
1.662843999062774714e+01 2.079419293027375915e+01 8.329973832020581170e+00
1.870674616990541139e+01 2.289134762169731374e+01 8.327945634442308176e+00
-1.834112378233973203e-02 8.328118370610095411e+00 8.328118370610095411e+00
2.082367509232173841e+00 1.040382815272882233e+01 8.328114737272617418e+00
2.099774816061606320e+00 2.099774816061607208e+00 8.328413327479335493e+00
9.707543714045564764e-03 9.707543714046022731e-03 8.325378826488538664e+00
8.326836516662472931e+00 1.247866368574942086e+01 8.326836516662472931e+00
1.040353631425058190e+01 1.455536348333753516e+01 8.326836516662472931e+00
1.247826635984012178e+01 4.166572609266295579e+00 8.328501638051971412e+00
1.455346429062901237e+01 6.249548206701255992e+00 8.328735709370999274e+00
2.078005964912778936e+01 1.532297117480402532e-03 8.326818717344870890e+00
2.288066770288251561e+01 2.102140350872206298e+00 8.326818717344856680e+00
1.663046617822721984e+01 -1.474913935714661922e-02 8.328723495606427107e+00
1.870422137010725905e+01 2.093920228787318205e+00 8.329882022689483634e+00
8.328118370610097188e+00 -1.834112378233943019e-02 8.328118370610097188e+00
1.040382815272882411e+01 2.082367509232174729e+00 8.328114737272617418e+00
4.175453830094608243e+00 -9.147621697308446972e-03 8.327945634442302847e+00
6.253760009372260065e+00 2.088007069726251608e+00 8.329973832020582947e+00
-2.003224554669876326e-02 1.247872490055974559e+01 8.326784430946386095e+00
2.084216939383122913e+00 1.455325134450024827e+01 8.328948655499750942e+00
2.078827977121268589e+01 4.177978629892760587e+00 8.329882022689480081e+00
2.289694913935715803e+01 6.251733821772781141e+00 8.328723495606421778e+00
4.171782012418786323e+00 1.662855846366542778e+01 8.330312824016623097e+00
6.253641536334569651e+00 1.871041798758120578e+01 8.330312824016624873e+00
1.662855846366542778e+01 4.171782012418786323e+00 8.330312824016623097e+00
1.871041798758120933e+01 6.253641536334570539e+00 8.330312824016624873e+00
1.247866368574942264e+01 8.326836516662472931e+00 8.326836516662472931e+00
1.455536348333753338e+01 1.040353631425058190e+01 8.326836516662472931e+00
8.328735709370999274e+00 1.663265179329873789e+01 8.328735709370999274e+00
1.040393364015988276e+01 1.871562739073373294e+01 8.328501638051971412e+00
2.079798306061688962e+01 8.328948655499749165e+00 8.328948655499749165e+00
2.290223224554672399e+01 1.040347509944025184e+01 8.326784430946378990e+00
4.168400863378806775e+00 8.329373873618758140e+00 8.329373873618758140e+00
6.248134854276027106e+00 1.040386334812203373e+01 8.327950326457008501e+00
8.329373873618758140e+00 4.168400863378806775e+00 8.329373873618758140e+00
1.040386334812203373e+01 6.248134854276027106e+00 8.327950326457008501e+00
1.663265179329874144e+01 8.328735709370999274e+00 8.328735709370999274e+00
1.871562739073373294e+01 1.040393364015988098e+01 8.328501638051971412e+00
1.532297117480440046e-03 2.078005964912778936e+01 8.326818717344869114e+00
2.102140350872206742e+00 2.288066770288251561e+01 8.326818717344856680e+00
2.079983249076784091e+01 1.247837184727117865e+01 8.328114737272617418e+00
2.290054112378235018e+01 1.455408162938990912e+01 8.328118370610090082e+00
1.247889864473515686e+01 1.247889864473515686e+01 8.326018067476962159e+00
1.455452070470180992e+01 1.455452070470180814e+01 8.327679295298191064e+00
-1.474913935714652728e-02 1.663046617822721984e+01 8.328723495606425331e+00
2.093920228787318649e+00 1.870422137010725905e+01 8.329882022689481857e+00
8.328948655499749165e+00 2.079798306061688962e+01 8.328948655499749165e+00
1.040347509944025184e+01 2.290223224554672399e+01 8.326784430946378990e+00
1.663406514572397299e+01 1.247833665187796548e+01 8.327950326457008501e+00
1.871379913662119066e+01 1.455282612638124995e+01 8.329373873618754587e+00
2.079419293027375915e+01 1.662843999062774714e+01 8.329973832020581170e+00
2.289134762169731374e+01 1.870674616990541139e+01 8.327945634442308176e+00
-9.147621697309022901e-03 4.175453830094608243e+00 8.327945634442304623e+00
2.088007069726251608e+00 6.253760009372259177e+00 8.329973832020582947e+00
4.177978629892760587e+00 2.078827977121268589e+01 8.329882022689478305e+00
6.251733821772781141e+00 2.289694913935715803e+01 8.328723495606421778e+00
1.247833665187796726e+01 1.663406514572397299e+01 8.327950326457008501e+00
1.455282612638124995e+01 1.871379913662119066e+01 8.329373873618754587e+00
8.327679295298189288e+00 8.327679295298189288e+00 8.327679295298187512e+00
1.040330135526484590e+01 1.040330135526484412e+01 8.326018067476960383e+00
2.078242518393839333e+01 2.078242518393839333e+01 8.328413327479331940e+00
2.287249245628595418e+01 2.287249245628595418e+01 8.325378826488543993e+00
1.455536348333753516e+01 8.326836516662472931e+00 1.040353631425058190e+01
1.247915935296467183e+01 1.040304064703533093e+01 1.040304064703533093e+01
5.604908808723170054e-04 2.100759533733581375e+00 1.040276755640076978e+01
2.100759533733580930e+00 5.604908808726675280e-04 1.040276755640076978e+01
1.040330135526484590e+01 8.326018067476960383e+00 1.040330135526484412e+01
8.326018067476960383e+00 1.040330135526484412e+01 1.040330135526484412e+01
1.040351065379472573e+01 2.080169044493188935e+01 1.040351065379472750e+01
8.326784430946380766e+00 2.290223224554672399e+01 1.040347509944025184e+01
6.248134854276027106e+00 8.327950326457006724e+00 1.040386334812203373e+01
4.164754436356143508e+00 1.040371185578388769e+01 1.040371185578388769e+01
2.287320044725914059e+01 8.999552740886616886e-03 1.040236557693217634e+01
2.078377045096295461e+01 2.098429549037067243e+00 1.040337185194635339e+01
1.870825243660944182e+01 4.173947563390560944e+00 1.040423788339940003e+01
1.663181484400598364e+01 6.250385155994035991e+00 1.040411537937447228e+01
2.080509555068123184e+00 1.247868934620527703e+01 1.040351065379472750e+01
-2.003224554669898183e-02 1.455541556905361844e+01 1.040347509944025362e+01
1.455618193252304415e+01 1.247889864473515686e+01 1.040330135526484767e+01
1.247889864473515864e+01 1.455618193252304415e+01 1.040330135526484590e+01
1.040323796261164091e+01 -2.181483042971656822e-02 1.040323796261163913e+01
8.328114737272617418e+00 2.082367509232174729e+00 1.040382815272882411e+01
6.250385155994035102e+00 1.663181484400598364e+01 1.040411537937447228e+01
4.173947563390560056e+00 1.870825243660944182e+01 1.040423788339940003e+01
2.289249207957262655e+01 4.173691905274649727e+00 1.040323052699298501e+01
2.079601306332975952e+01 6.252152061689736584e+00 1.040403389414569268e+01
2.082367509232173841e+00 8.328114737272617418e+00 1.040382815272882411e+01
-2.181483042971750497e-02 1.040323796261163913e+01 1.040323796261163913e+01
1.871562739073373294e+01 8.328501638051971412e+00 1.040393364015988098e+01
1.663551008886541993e+01 1.040358773173309004e+01 1.040358773173309004e+01
1.455541556905362022e+01 -2.003224554669913796e-02 1.040347509944025539e+01
1.247868934620527881e+01 2.080509555068123628e+00 1.040351065379472750e+01
1.040304064703533093e+01 1.247915935296467183e+01 1.040304064703533093e+01
8.326836516662472931e+00 1.455536348333753338e+01 1.040353631425058190e+01
1.455424967354299426e+01 1.663406514572397299e+01 1.040386334812204083e+01
1.247848814421611507e+01 1.871744556364385659e+01 1.040371185578388413e+01
2.290223224554672399e+01 8.326784430946378990e+00 1.040347509944025184e+01
2.080169044493189290e+01 1.040351065379472573e+01 1.040351065379472750e+01
6.252247170589697589e+00 4.170005246945007293e+00 1.040420971490490132e+01
4.170005246945006405e+00 6.252247170589697589e+00 1.040420971490490132e+01
2.086186936670265446e+00 1.663004793831026618e+01 1.040403389414569091e+01
-1.029207957261711777e-02 1.870850809472536014e+01 1.040323052699298678e+01
1.871744556364385659e+01 1.247848814421611507e+01 1.040371185578388413e+01
1.663406514572397299e+01 1.455424967354299426e+01 1.040386334812204083e+01
6.249678302948595388e+00 -1.629771444372870789e-02 1.040339785776372494e+01
4.176106330712254788e+00 2.092199681161764691e+00 1.040371025868593691e+01
1.040371185578388769e+01 4.164754436356143508e+00 1.040371185578388769e+01
8.327950326457008501e+00 6.248134854276027106e+00 1.040386334812203373e+01
2.290401483042973751e+01 1.247896203738836363e+01 1.040323796261163558e+01
2.079983249076784091e+01 1.455408526272738534e+01 1.040382815272881878e+01
1.455369836194803668e+01 4.166572609266295579e+00 1.040393364015988276e+01
1.247861226826691272e+01 6.246689911134581941e+00 1.040358773173309004e+01
1.455408526272738357e+01 2.079983249076784091e+01 1.040382815272881878e+01
1.247896203738836185e+01 2.290401483042973751e+01 1.040323796261163558e+01
6.246689911134581941e+00 1.247861226826691272e+01 1.040358773173309181e+01
4.166572609266295579e+00 1.455369836194803490e+01 1.040393364015988276e+01
1.871219475305498747e+01 1.662995282941031405e+01 1.040420971490489777e+01
1.662995282941031405e+01 1.871219475305498747e+01 1.040420971490489777e+01
1.040358773173309004e+01 1.663551008886541993e+01 1.040358773173309004e+01
8.328501638051971412e+00 1.871562739073373294e+01 1.040393364015988098e+01
2.289849771444371029e+01 1.663252169705140915e+01 1.040339785776372317e+01
2.079000031883822430e+01 1.870609366928777106e+01 1.040371025868593335e+01
6.252152061689736584e+00 2.079601306332975952e+01 1.040403389414569268e+01
4.173691905274650615e+00 2.289249207957262655e+01 1.040323052699298501e+01
2.098429549037066799e+00 2.078377045096295461e+01 1.040337185194635339e+01
8.999552740885898711e-03 2.287320044725914059e+01 1.040236557693217634e+01
2.092199681161764691e+00 4.176106330712254788e+00 1.040371025868593691e+01
-1.629771444372923178e-02 6.249678302948595388e+00 1.040339785776372494e+01
1.870850809472536014e+01 -1.029207957261724787e-02 1.040323052699298856e+01
1.663004793831026618e+01 2.086186936670265446e+00 1.040403389414569091e+01
1.870609366928776751e+01 2.079000031883822786e+01 1.040371025868593513e+01
1.663252169705140915e+01 2.289849771444371029e+01 1.040339785776372317e+01
2.288163950911913602e+01 2.078144046626642805e+01 1.040276755640077511e+01
2.078144046626642805e+01 2.288163950911913602e+01 1.040276755640077511e+01
2.078144046626643160e+01 5.604908808770577879e-04 1.247943244359922232e+01
2.288163950911913247e+01 2.100759533733583151e+00 1.247943244359923121e+01
1.247861226826691450e+01 1.663551008886541993e+01 1.247861226826691450e+01
1.455369836194803135e+01 1.871562739073372938e+01 1.247826635984011823e+01
4.170005246945004629e+00 1.662995282941031761e+01 1.247799028509509789e+01
6.252247170589700254e+00 1.871219475305498747e+01 1.247799028509510499e+01
1.663406514572397299e+01 8.327950326457008501e+00 1.247833665187796726e+01
1.871744556364385659e+01 1.040371185578388413e+01 1.247848814421611507e+01
1.247848814421611685e+01 4.164754436356142620e+00 1.247848814421611685e+01
1.455424967354299781e+01 6.248134854276025330e+00 1.247833665187796370e+01
-2.181483042971602004e-02 1.247896203738836540e+01 1.247896203738836540e+01
2.082367509232175617e+00 1.455408526272738889e+01 1.247837184727118043e+01
8.326836516662472931e+00 8.326836516662472931e+00 1.247866368574942086e+01
1.040304064703533093e+01 1.040304064703533093e+01 1.247915935296467183e+01
2.079000031883822075e+01 4.176106330712251236e+00 1.247848974131406763e+01
2.289849771444371029e+01 6.249678302948586506e+00 1.247880214223627604e+01
8.326784430946387872e+00 -2.003224554669840937e-02 1.247872490055974559e+01
1.040351065379472750e+01 2.080509555068123184e+00 1.247868934620527703e+01
2.098429549037069464e+00 2.098429549037069464e+00 1.247882814805364227e+01
8.999552740887026281e-03 8.999552740887406185e-03 1.247983442306781754e+01
1.247868934620527348e+01 2.080169044493188935e+01 1.247868934620527348e+01
1.455541556905362022e+01 2.290223224554672399e+01 1.247872490055974559e+01
1.663551008886541993e+01 1.247861226826691450e+01 1.247861226826691450e+01
1.871562739073372938e+01 1.455369836194803312e+01 1.247826635984011823e+01
-1.029207957262100355e-02 4.173691905274654168e+00 1.247896947300701243e+01
2.086186936670268111e+00 6.252152061689741025e+00 1.247816610585430652e+01
8.328114737272617418e+00 2.079983249076784091e+01 1.247837184727117865e+01
1.040323796261163558e+01 2.290401483042974107e+01 1.247896203738836363e+01
2.079983249076784091e+01 8.328114737272617418e+00 1.247837184727117865e+01
2.290401483042974107e+01 1.040323796261163558e+01 1.247896203738836363e+01
1.247889864473515686e+01 8.326018067476962159e+00 1.247889864473515686e+01
1.455618193252304415e+01 1.040330135526484590e+01 1.247889864473515864e+01
4.164754436356142620e+00 1.247848814421611685e+01 1.247848814421611685e+01
6.248134854276024441e+00 1.455424967354299781e+01 1.247833665187796548e+01
-1.629771444372725767e-02 1.663252169705140560e+01 1.247880214223627782e+01
2.092199681161760694e+00 1.870609366928776396e+01 1.247848974131406408e+01
-2.003224554669882224e-02 8.326784430946387872e+00 1.247872490055974737e+01
2.080509555068122740e+00 1.040351065379472750e+01 1.247868934620527703e+01
1.663181484400598009e+01 1.663181484400598009e+01 1.247808462062553225e+01
1.870825243660944537e+01 1.870825243660944537e+01 1.247796211660060273e+01
1.663252169705140560e+01 -1.629771444372730971e-02 1.247880214223627959e+01
1.870609366928776751e+01 2.092199681161760694e+00 1.247848974131406408e+01
2.080169044493188935e+01 1.247868934620527348e+01 1.247868934620527348e+01
2.290223224554672043e+01 1.455541556905362022e+01 1.247872490055974559e+01
8.326018067476962159e+00 1.247889864473515686e+01 1.247889864473515686e+01
1.040330135526484590e+01 1.455618193252304415e+01 1.247889864473515864e+01
4.176106330712251236e+00 2.079000031883822075e+01 1.247848974131406763e+01
6.249678302948586506e+00 2.289849771444371029e+01 1.247880214223627604e+01
8.328501638051971412e+00 4.166572609266295579e+00 1.247826635984012178e+01
1.040358773173309181e+01 6.246689911134581941e+00 1.247861226826691272e+01
1.247915935296467183e+01 1.247915935296467183e+01 1.247915935296467183e+01
1.455536348333753338e+01 1.455536348333753338e+01 1.247866368574942264e+01
1.247896203738836540e+01 -2.181483042971573555e-02 1.247896203738836540e+01
1.455408526272738889e+01 2.082367509232175617e+00 1.247837184727118220e+01
1.663004793831026618e+01 2.079601306332975597e+01 1.247816610585430652e+01
1.870850809472536014e+01 2.289249207957262300e+01 1.247896947300701243e+01
2.079601306332975597e+01 1.663004793831026973e+01 1.247816610585430475e+01
2.289249207957262300e+01 1.870850809472536014e+01 1.247896947300701065e+01
4.166572609266294691e+00 8.328501638051971412e+00 1.247826635984012178e+01
6.246689911134581941e+00 1.040358773173309004e+01 1.247861226826691272e+01
1.662995282941031761e+01 4.170005246945004629e+00 1.247799028509509789e+01
1.871219475305498747e+01 6.252247170589701142e+00 1.247799028509510677e+01
5.604908808762355289e-04 2.078144046626642805e+01 1.247943244359922232e+01
2.100759533733582707e+00 2.288163950911913247e+01 1.247943244359923121e+01
4.173947563390567161e+00 4.173947563390567161e+00 1.247796211660059917e+01
6.250385155994035102e+00 6.250385155994035991e+00 1.247808462062553048e+01
4.173691905274653280e+00 -1.029207957262097579e-02 1.247896947300701243e+01
6.252152061689740137e+00 2.086186936670268555e+00 1.247816610585430830e+01
8.327950326457008501e+00 1.663406514572397299e+01 1.247833665187796548e+01
1.040371185578388413e+01 1.871744556364385659e+01 1.247848814421611507e+01
2.078377045096295461e+01 2.078377045096295461e+01 1.247882814805364227e+01
2.287320044725914769e+01 2.287320044725914414e+01 1.247983442306781932e+01
2.084216939383122913e+00 8.328948655499750942e+00 1.455325134450025004e+01
-2.003224554669922469e-02 1.040347509944025539e+01 1.455541556905362022e+01
6.248134854276024441e+00 1.247833665187796370e+01 1.455424967354299781e+01
4.168400863378801446e+00 1.455282612638124995e+01 1.455282612638124995e+01
1.871562739073372938e+01 1.247826635984012000e+01 1.455369836194803135e+01
1.663265179329873789e+01 1.455346429062900881e+01 1.455346429062900704e+01
2.289134762169731374e+01 4.175453830094608243e+00 1.455425436555769991e+01
2.079419293027375915e+01 6.253760009372256512e+00 1.455222616797942337e+01
1.455408162938991090e+01 -1.834112378233318866e-02 1.455408162938991268e+01
1.247837184727118043e+01 2.082367509232176062e+00 1.455408526272738889e+01
1.040347509944025539e+01 -2.003224554669909632e-02 1.455541556905362022e+01
8.328948655499750942e+00 2.084216939383122913e+00 1.455325134450024827e+01
6.251733821772790023e+00 -1.474913935714987703e-02 1.455347650439357210e+01
4.177978629892764140e+00 2.093920228787320870e+00 1.455231797731051557e+01
1.870674616990541139e+01 -9.147621697303062391e-03 1.455425436555770347e+01
1.662843999062775069e+01 2.088007069726252940e+00 1.455222616797942514e+01
1.455536348333753338e+01 1.247866368574942264e+01 1.455536348333753338e+01
1.247866368574942264e+01 1.455536348333753338e+01 1.455536348333753338e+01
1.040386334812204261e+01 1.663406514572397299e+01 1.455424967354299426e+01
8.329373873618754587e+00 1.871379913662119066e+01 1.455282612638124995e+01
1.040353631425058190e+01 8.326836516662472931e+00 1.455536348333753338e+01
8.326836516662472931e+00 1.040353631425058190e+01 1.455536348333753338e+01
2.290054112378234663e+01 8.328118370610090082e+00 1.455408162938990912e+01
2.079983249076784091e+01 1.040382815272882056e+01 1.455408526272738357e+01
1.871041798758120933e+01 1.662855846366542778e+01 1.455188717598337966e+01
1.662855846366542778e+01 1.871041798758120933e+01 1.455188717598337966e+01
6.249548206701255992e+00 8.328735709370999274e+00 1.455346429062901059e+01
4.166572609266294691e+00 1.040393364015988276e+01 1.455369836194803490e+01
6.253641536334571427e+00 4.171782012418791652e+00 1.455188717598337966e+01
4.171782012418790764e+00 6.253641536334571427e+00 1.455188717598337966e+01
2.093920228787320870e+00 4.177978629892764140e+00 1.455231797731051557e+01
-1.474913935714964111e-02 6.251733821772789135e+00 1.455347650439357210e+01
1.455282612638124995e+01 4.168400863378802335e+00 1.455282612638124995e+01
1.247833665187796548e+01 6.248134854276024441e+00 1.455424967354299781e+01
1.870646072072493737e+01 4.175739279275044957e+00 1.455153233567694393e+01
1.663035914964420314e+01 6.251840850355777413e+00 1.455234842169350706e+01
6.253760009372256512e+00 2.079419293027375915e+01 1.455222616797942337e+01
4.175453830094607355e+00 2.289134762169731374e+01 1.455425436555769991e+01
2.290223224554672399e+01 1.247872490055974559e+01 1.455541556905361844e+01
2.079798306061688606e+01 1.455325134450025004e+01 1.455325134450024827e+01
1.455346429062900881e+01 1.663265179329873789e+01 1.455346429062900881e+01
1.247826635984012000e+01 1.871562739073372938e+01 1.455369836194803135e+01
1.870422137010725905e+01 2.078827977121268589e+01 1.455231797731051735e+01
1.663046617822721984e+01 2.289694913935714737e+01 1.455347650439357743e+01
2.088007069726252052e+00 1.662843999062775069e+01 1.455222616797942692e+01
-9.147621697303506480e-03 1.870674616990540784e+01 1.455425436555770347e+01
2.082367509232175173e+00 1.247837184727118043e+01 1.455408526272738889e+01
-1.834112378233348703e-02 1.455408162938991090e+01 1.455408162938991268e+01
1.040382815272882056e+01 2.079983249076784091e+01 1.455408526272738357e+01
8.328118370610090082e+00 2.290054112378234663e+01 1.455408162938991090e+01
1.040393364015988276e+01 4.166572609266295579e+00 1.455369836194803490e+01
8.328735709370999274e+00 6.249548206701255992e+00 1.455346429062901059e+01
1.040330135526484590e+01 1.247889864473515686e+01 1.455618193252304593e+01
8.327679295298191064e+00 1.455452070470180814e+01 1.455452070470180992e+01
2.289694913935714737e+01 1.663046617822721984e+01 1.455347650439357743e+01
2.078827977121268589e+01 1.870422137010725905e+01 1.455231797731051735e+01
1.871379913662119066e+01 8.329373873618754587e+00 1.455282612638124995e+01
1.663406514572397299e+01 1.040386334812204261e+01 1.455424967354299426e+01
1.532297117487321477e-03 2.102140350872212959e+00 1.455538128265512654e+01
2.102140350872212515e+00 1.532297117487512513e-03 1.455538128265512654e+01
2.287249245628594352e+01 9.707543714040176713e-03 1.455682117351146410e+01
2.078242518393839688e+01 2.099774816061613425e+00 1.455378667252067260e+01
1.455452070470180814e+01 8.327679295298191064e+00 1.455452070470180992e+01
1.247889864473515686e+01 1.040330135526484590e+01 1.455618193252304415e+01
1.455325134450025004e+01 2.079798306061688606e+01 1.455325134450024827e+01
1.247872490055974559e+01 2.290223224554672399e+01 1.455541556905362022e+01
6.251840850355777413e+00 1.663035914964420670e+01 1.455234842169350706e+01
4.175739279275044069e+00 1.870646072072493737e+01 1.455153233567694393e+01
2.099774816061612537e+00 2.078242518393839333e+01 1.455378667252067260e+01
9.707543714038840976e-03 2.287249245628593997e+01 1.455682117351146232e+01
2.288066770288251917e+01 2.078005964912779291e+01 1.455538128265513187e+01
2.078005964912779646e+01 2.288066770288251917e+01 1.455538128265513009e+01
8.329973832020581170e+00 2.079419293027375915e+01 1.662843999062774714e+01
1.040339785776372494e+01 2.289849771444371029e+01 1.663252169705140915e+01
2.103162700375707850e+00 2.103162700375707850e+00 1.662588254281164524e+01
1.140548593753913306e-02 1.140548593753948348e-02 1.663202682755186856e+01
-6.228738425096112981e-03 4.179717315616624518e+00 1.662696635252285304e+01
2.091693552543308687e+00 6.255798989433087876e+00 1.662640101056690511e+01
1.247808462062553225e+01 1.663181484400598009e+01 1.663181484400598009e+01
1.455188717598337966e+01 1.871041798758120933e+01 1.662855846366542778e+01
1.662821989647870069e+01 1.662821989647870069e+01 1.662821989647870069e+01
1.870328438406835403e+01 1.870328438406835403e+01 1.662488349598261550e+01
8.328723495606425331e+00 -1.474913935714696270e-02 1.663046617822721984e+01
1.040403389414569091e+01 2.086186936670265446e+00 1.663004793831026618e+01
1.662631302544039613e+01 4.175182750086833927e+00 1.662631302544039613e+01
1.870701724991317150e+01 6.255886974559625280e+00 1.662631302544038547e+01
3.695012730156886898e-03 2.077723688047547768e+01 1.662954405418960135e+01
2.104963119524525528e+00 2.287850498726986359e+01 1.662954405418959070e+01
2.079419293027375915e+01 8.329973832020582947e+00 1.662843999062774714e+01
2.289849771444371029e+01 1.040339785776372317e+01 1.663252169705140915e+01
-1.629771444372707379e-02 1.247880214223627782e+01 1.663252169705140915e+01
2.088007069726252496e+00 1.455222616797942337e+01 1.662843999062775069e+01
-1.158791937731882757e-02 1.662741940441915744e+01 1.662741940441916100e+01
2.097390436607339925e+00 1.870080912934890449e+01 1.662485327886103903e+01
1.247833665187796548e+01 8.327950326457008501e+00 1.663406514572397299e+01
1.455424967354299248e+01 1.040386334812204261e+01 1.663406514572397299e+01
8.328735709370999274e+00 8.328735709370999274e+00 1.663265179329874144e+01
1.040358773173308826e+01 1.040358773173308826e+01 1.663551008886541993e+01
4.181390870651097380e+00 2.078480956339267394e+01 1.662485327886103548e+01
6.254780595580845315e+00 2.289378791937732771e+01 1.662741940441916455e+01
1.662640101056690867e+01 2.079050644745668563e+01 1.662640101056690867e+01
1.870248268438336936e+01 2.288842873842509107e+01 1.662696635252286015e+01
1.247880214223627959e+01 -1.629771444372679623e-02 1.663252169705140915e+01
1.455222616797942514e+01 2.088007069726252940e+00 1.662843999062775069e+01
1.247816610585430652e+01 2.079601306332975597e+01 1.663004793831026618e+01
1.455347650439357743e+01 2.289694913935714737e+01 1.663046617822721984e+01
2.079601306332975597e+01 1.247816610585430652e+01 1.663004793831026618e+01
2.289694913935714737e+01 1.455347650439357743e+01 1.663046617822721984e+01
1.663035914964420314e+01 8.329851578306497473e+00 1.663035914964420314e+01
1.871219475305498747e+01 1.040420971490489954e+01 1.662995282941031405e+01
8.329851578306495696e+00 1.663035914964420314e+01 1.663035914964420314e+01
1.040420971490489954e+01 1.871219475305498747e+01 1.662995282941031405e+01
4.179717315616624518e+00 -6.228738425095722668e-03 1.662696635252285304e+01
6.255798989433088764e+00 2.091693552543308687e+00 1.662640101056690511e+01
-1.474913935714672851e-02 8.328723495606425331e+00 1.663046617822721984e+01
2.086186936670265890e+00 1.040403389414569091e+01 1.663004793831026618e+01
4.175182750086833039e+00 1.662631302544039258e+01 1.662631302544039613e+01
6.255886974559623503e+00 1.870701724991317150e+01 1.662631302544038547e+01
4.178915615931648730e+00 4.178915615931647842e+00 1.662488349598261195e+01
6.253980103521314504e+00 6.253980103521315392e+00 1.662821989647870069e+01
2.077723688047548123e+01 3.695012730157556935e-03 1.662954405418960135e+01
2.287850498726986359e+01 2.104963119524526860e+00 1.662954405418959070e+01
1.247861226826691450e+01 1.247861226826691450e+01 1.663551008886541993e+01
1.455346429062900881e+01 1.455346429062900881e+01 1.663265179329873789e+01
2.079050644745668563e+01 1.662640101056690867e+01 1.662640101056690867e+01
2.288842873842509107e+01 1.870248268438336936e+01 1.662696635252286015e+01
8.330312824016623097e+00 4.171782012418786323e+00 1.662855846366542778e+01
1.040411537937447051e+01 6.250385155994035991e+00 1.663181484400598364e+01
4.170005246945004629e+00 1.247799028509509789e+01 1.662995282941032116e+01
6.251840850355776524e+00 1.455234842169350529e+01 1.663035914964420670e+01
1.663181484400598009e+01 1.247808462062553225e+01 1.663181484400598009e+01
1.871041798758120933e+01 1.455188717598337966e+01 1.662855846366542778e+01
1.662741940441916100e+01 -1.158791937731845287e-02 1.662741940441915744e+01
1.870080912934890449e+01 2.097390436607339481e+00 1.662485327886103903e+01
4.171782012418786323e+00 8.330312824016623097e+00 1.662855846366542778e+01
6.250385155994035991e+00 1.040411537937447051e+01 1.663181484400598364e+01
1.247799028509509789e+01 4.170005246945004629e+00 1.662995282941032116e+01
1.455234842169350706e+01 6.251840850355777413e+00 1.663035914964420670e+01
8.327950326457008501e+00 1.247833665187796548e+01 1.663406514572397299e+01
1.040386334812204083e+01 1.455424967354299426e+01 1.663406514572397299e+01
2.078480956339267394e+01 4.181390870651098268e+00 1.662485327886103548e+01
2.289378791937732416e+01 6.254780595580847091e+00 1.662741940441916455e+01
2.077903729962429935e+01 2.077903729962429935e+01 1.662588254281165234e+01
2.287079451406245667e+01 2.287079451406245312e+01 1.663202682755188988e+01
2.102813357497572255e+00 4.184575609887286163e+00 1.869762439011272903e+01
-6.228738425099322219e-03 6.255233647477135506e+00 1.870248268438336936e+01
1.040323052699298678e+01 -1.029207957261671011e-02 1.870850809472536014e+01
8.329882022689483634e+00 2.093920228787318205e+00 1.870422137010725905e+01
1.455231797731051735e+01 2.078827977121268589e+01 1.870422137010725905e+01
1.247896947300701243e+01 2.289249207957262300e+01 1.870850809472536014e+01
1.040371185578388413e+01 1.247848814421611507e+01 1.871744556364385659e+01
8.329373873618754587e+00 1.455282612638124995e+01 1.871379913662119066e+01
6.257316504017386372e+00 4.178915615931644290e+00 1.870328438406834692e+01
4.178915615931645178e+00 6.257316504017385483e+00 1.870328438406834692e+01
2.289134762169731019e+01 8.327945634442308176e+00 1.870674616990541139e+01
2.079000031883822430e+01 1.040371025868593513e+01 1.870609366928776751e+01
2.108763407809540968e+00 2.077343659219047112e+01 1.869518973359443592e+01
1.439934715394935137e-02 2.286780065284609975e+01 1.870379054658612006e+01
1.870646072072493737e+01 8.330667664323060606e+00 1.870646072072493737e+01
1.662995282941031405e+01 1.040420971490489954e+01 1.871219475305498747e+01
1.869762439011273258e+01 2.077938664250243406e+01 1.869762439011273258e+01
1.662696635252286015e+01 2.288842873842509107e+01 1.870248268438336936e+01
1.455369836194803135e+01 1.247826635984012000e+01 1.871562739073372938e+01
1.247826635984011823e+01 1.455369836194803135e+01 1.871562739073372938e+01
1.040371025868593513e+01 2.079000031883822430e+01 1.870609366928776751e+01
8.327945634442308176e+00 2.289134762169731374e+01 1.870674616990540784e+01
1.455153233567694571e+01 4.175739279275044957e+00 1.870646072072494093e+01
1.247799028509510499e+01 6.252247170589700254e+00 1.871219475305498747e+01
6.257346721138985934e+00 2.078480956339267749e+01 1.870080912934890094e+01
4.184651118721110841e+00 2.288358281360840962e+01 1.869754888127890524e+01
6.253641536334570539e+00 8.330312824016624873e+00 1.871041798758120933e+01
4.173947563390560944e+00 1.040423788339940003e+01 1.870825243660944182e+01
6.255886974559624392e+00 1.662631302544038547e+01 1.870701724991317150e+01
4.182764184715471067e+00 1.869943581528454857e+01 1.869943581528455212e+01
2.289249207957261945e+01 1.247896947300701243e+01 1.870850809472536014e+01
2.078827977121268589e+01 1.455231797731051735e+01 1.870422137010725905e+01
1.869754888127890879e+01 -1.382813608382538022e-03 1.869754888127890879e+01
1.662485327886103903e+01 2.097390436607339037e+00 1.870080912934890449e+01
1.040393364015988098e+01 8.328501638051971412e+00 1.871562739073373294e+01
8.328501638051971412e+00 1.040393364015988098e+01 1.871562739073373294e+01
6.252247170589700254e+00 1.247799028509510499e+01 1.871219475305499103e+01
4.175739279275044957e+00 1.455153233567694393e+01 1.870646072072494093e+01
2.286780065284609975e+01 1.439934715394929413e-02 1.870379054658612006e+01
2.077343659219047112e+01 2.108763407809540968e+00 1.869518973359443592e+01
1.870825243660944537e+01 1.247796211660060273e+01 1.870825243660944537e+01
1.662855846366542778e+01 1.455188717598337966e+01 1.871041798758120933e+01
2.097390436607339481e+00 1.662485327886103903e+01 1.870080912934890449e+01
-1.382813608382712361e-03 1.869754888127890879e+01 1.869754888127890879e+01
8.498553368833542537e-03 2.111651298191423720e+00 1.869783455555814911e+01
2.111651298191423276e+00 8.498553368834179181e-03 1.869783455555814911e+01
1.455188717598337966e+01 1.662855846366542778e+01 1.871041798758120933e+01
1.247796211660060273e+01 1.870825243660944537e+01 1.870825243660944537e+01
1.040420971490489954e+01 1.662995282941031405e+01 1.871219475305498747e+01
8.330667664323058830e+00 1.870646072072493737e+01 1.870646072072493737e+01
2.288842873842509107e+01 1.662696635252286015e+01 1.870248268438337291e+01
2.077938664250243406e+01 1.869762439011273258e+01 1.869762439011273258e+01
2.093920228787319093e+00 8.329882022689481857e+00 1.870422137010725905e+01
-1.029207957261644817e-02 1.040323052699298501e+01 1.870850809472536014e+01
1.455282612638124995e+01 8.329373873618756363e+00 1.871379913662119066e+01
1.247848814421611507e+01 1.040371185578388591e+01 1.871744556364385659e+01
1.455425436555770524e+01 -9.147621697303081473e-03 1.870674616990540784e+01
1.247848974131406408e+01 2.092199681161761582e+00 1.870609366928776751e+01
1.869943581528455212e+01 4.182764184715471067e+00 1.869943581528454857e+01
1.662631302544038547e+01 6.255886974559625280e+00 1.870701724991317150e+01
2.288358281360840607e+01 4.184651118721113505e+00 1.869754888127890524e+01
2.078480956339267394e+01 6.257346721138987711e+00 1.870080912934890094e+01
1.040423788339940003e+01 4.173947563390560944e+00 1.870825243660944182e+01
8.330312824016624873e+00 6.253641536334570539e+00 1.871041798758120933e+01
1.870328438406835403e+01 1.662488349598261905e+01 1.870328438406835403e+01
1.662488349598261905e+01 1.870328438406835403e+01 1.870328438406835403e+01
6.255233647477135506e+00 -6.228738425098996091e-03 1.870248268438336936e+01
4.184575609887286163e+00 2.102813357497572699e+00 1.869762439011272903e+01
2.092199681161761582e+00 1.247848974131406230e+01 1.870609366928776751e+01
-9.147621697302814325e-03 1.455425436555770169e+01 1.870674616990541139e+01
2.287370144663116989e+01 2.077054870180856483e+01 1.869783455555815621e+01
2.077054870180856838e+01 2.287370144663116989e+01 1.869783455555815976e+01
8.326818717344869114e+00 1.532297117480680305e-03 2.078005964912778936e+01
1.040337185194635339e+01 2.098429549037067243e+00 2.078377045096295461e+01
1.662588254281164879e+01 2.077903729962429935e+01 2.077903729962429935e+01
1.869783455555815621e+01 2.287370144663116989e+01 2.077054870180856483e+01
2.078242518393838978e+01 8.328413327479333716e+00 2.078242518393838978e+01
2.288163950911913247e+01 1.040276755640077511e+01 2.078144046626642805e+01
4.176106330712252124e+00 1.247848974131406763e+01 2.079000031883822430e+01
6.253760009372256512e+00 1.455222616797942159e+01 2.079419293027375915e+01
1.662954405418960135e+01 3.695012730156971466e-03 2.077723688047547768e+01
1.869518973359443592e+01 2.108763407809540968e+00 2.077343659219047112e+01
1.247943244359922410e+01 5.604908808765695716e-04 2.078144046626642805e+01
1.455378667252067437e+01 2.099774816061612981e+00 2.078242518393839688e+01
4.187010266405592596e+00 2.077343659219047467e+01 2.077343659219047467e+01
6.252655945810396965e+00 2.287850498726986714e+01 2.077723688047547768e+01
1.247816610585430652e+01 1.663004793831026618e+01 2.079601306332975597e+01
1.455231797731051735e+01 1.870422137010725905e+01 2.078827977121268589e+01
1.247837184727117865e+01 8.328114737272617418e+00 2.079983249076784091e+01
1.455408526272738534e+01 1.040382815272882056e+01 2.079983249076784091e+01
4.181390870651098268e+00 1.662485327886103548e+01 2.078480956339267394e+01
6.257346721138987711e+00 1.870080912934890449e+01 2.078480956339267394e+01
1.663004793831026973e+01 1.247816610585430652e+01 2.079601306332975952e+01
1.870422137010725905e+01 1.455231797731051913e+01 2.078827977121268589e+01
8.328114737272617418e+00 1.247837184727117865e+01 2.079983249076784091e+01
1.040382815272882056e+01 1.455408526272738357e+01 2.079983249076784091e+01
4.184365444441842996e+00 8.498553368828152751e-03 2.077054870180856128e+01
6.256317457188346864e+00 2.103162700375705629e+00 2.077903729962429935e+01
2.078377045096295461e+01 1.247882814805364227e+01 2.078377045096295461e+01
2.288066770288251917e+01 1.455538128265513009e+01 2.078005964912779646e+01
2.076287939921706993e+01 1.879879435608759752e-02 2.076287939921706993e+01
2.286340120564391398e+01 2.119320600782947039e+00 2.076287939921706993e+01
3.695012730157122387e-03 1.662954405418960135e+01 2.077723688047547768e+01
2.108763407809540968e+00 1.869518973359443592e+01 2.077343659219047112e+01
1.879879435608661914e-02 2.076287939921706993e+01 2.076287939921706993e+01
2.119320600782945707e+00 2.286340120564391398e+01 2.076287939921706993e+01
2.113389669708253926e+00 2.113389669708254370e+00 2.076881033029175683e+01
2.490512232734018103e-02 2.490512232734186371e-02 2.076287490773609790e+01
1.662485327886103548e+01 4.181390870651098268e+00 2.078480956339267394e+01
1.870080912934890094e+01 6.257346721138986823e+00 2.078480956339267394e+01
8.328413327479333716e+00 2.078242518393839333e+01 2.078242518393838978e+01
1.040276755640077688e+01 2.288163950911913602e+01 2.078144046626642805e+01
8.328948655499749165e+00 8.328948655499749165e+00 2.079798306061688962e+01
1.040351065379472573e+01 1.040351065379472573e+01 2.080169044493189290e+01
4.184575609887289716e+00 4.184575609887289716e+00 2.077938664250243050e+01
6.255798989433086099e+00 6.255798989433086099e+00 2.079050644745668563e+01
1.247882814805364227e+01 2.078377045096295461e+01 2.078377045096295461e+01
1.455538128265513187e+01 2.288066770288251917e+01 2.078005964912779646e+01
1.662640101056690867e+01 1.662640101056690867e+01 2.079050644745668563e+01
1.869762439011273258e+01 1.869762439011273258e+01 2.077938664250243761e+01
2.077903729962429935e+01 1.662588254281164879e+01 2.077903729962429935e+01
2.287370144663116989e+01 1.869783455555815621e+01 2.077054870180856483e+01
1.247848974131406763e+01 4.176106330712252124e+00 2.079000031883822075e+01
1.455222616797942337e+01 6.253760009372257400e+00 2.079419293027375915e+01
2.077343659219047467e+01 4.187010266405591707e+00 2.077343659219047467e+01
2.287850498726986359e+01 6.252655945810397853e+00 2.077723688047548123e+01
1.247868934620527348e+01 1.247868934620527348e+01 2.080169044493188935e+01
1.455325134450025004e+01 1.455325134450025004e+01 2.079798306061688606e+01
5.604908808775808070e-04 1.247943244359922055e+01 2.078144046626643160e+01
2.099774816061613425e+00 1.455378667252067260e+01 2.078242518393839688e+01
8.498553368827750296e-03 4.184365444441842996e+00 2.077054870180856128e+01
2.103162700375705629e+00 6.256317457188346864e+00 2.077903729962429935e+01
8.329882022689478305e+00 4.177978629892760587e+00 2.078827977121268589e+01
1.040403389414569268e+01 6.252152061689735696e+00 2.079601306332975952e+01
4.177978629892761475e+00 8.329882022689478305e+00 2.078827977121268589e+01
6.252152061689735696e+00 1.040403389414569268e+01 2.079601306332976307e+01
1.662843999062774714e+01 8.329973832020582947e+00 2.079419293027375915e+01
1.870609366928776751e+01 1.040371025868593513e+01 2.079000031883822786e+01
8.329973832020581170e+00 1.662843999062774714e+01 2.079419293027375915e+01
1.040371025868593335e+01 1.870609366928776751e+01 2.079000031883822430e+01
1.532297117481231730e-03 8.326818717344869114e+00 2.078005964912778936e+01
2.098429549037068576e+00 1.040337185194635161e+01 2.078377045096295461e+01
2.076881033029176749e+01 2.076881033029176749e+01 2.076881033029176749e+01
2.285729487767268253e+01 2.285729487767267543e+01 2.076287490773609079e+01
1.040236557693217634e+01 8.999552740885272475e-03 2.287320044725914059e+01
8.326818717344856680e+00 2.102140350872206298e+00 2.288066770288251561e+01
6.252655945810397853e+00 2.077723688047548123e+01 2.287850498726986359e+01
4.178409453413907571e+00 2.286780065284610330e+01 2.286780065284609975e+01
1.870850809472536014e+01 1.247896947300701243e+01 2.289249207957262300e+01
1.663046617822721984e+01 1.455347650439357921e+01 2.289694913935714737e+01
1.455425436555769991e+01 4.175453830094607355e+00 2.289134762169731374e+01
1.247880214223627604e+01 6.249678302948586506e+00 2.289849771444371029e+01
2.119325092263909305e+00 2.490512232733909162e-02 2.285729487767267898e+01
2.490512232734095124e-02 2.119325092263909305e+00 2.285729487767268253e+01
1.040339785776372317e+01 1.663252169705140915e+01 2.289849771444371029e+01
8.327945634442308176e+00 1.870674616990541139e+01 2.289134762169731019e+01
1.869754888127890879e+01 4.184651118721111729e+00 2.288358281360840607e+01
1.662741940441916455e+01 6.254780595580845315e+00 2.289378791937732416e+01
1.455541556905362022e+01 1.247872490055974737e+01 2.290223224554672043e+01
1.247872490055974559e+01 1.455541556905362022e+01 2.290223224554672043e+01
2.284260623978857296e+01 3.959376021144837138e-02 2.284260623978856586e+01
2.076287939921707348e+01 2.119320600782945707e+00 2.286340120564391398e+01
1.455538128265513009e+01 2.078005964912779291e+01 2.288066770288251917e+01
1.247983442306781932e+01 2.287320044725914414e+01 2.287320044725914414e+01
6.255233647477134618e+00 4.179717315616624518e+00 2.288842873842509817e+01
4.179717315616624518e+00 6.255233647477134618e+00 2.288842873842509817e+01
2.287320044725914414e+01 1.247983442306781932e+01 2.287320044725914769e+01
2.078005964912779646e+01 1.455538128265513187e+01 2.288066770288251917e+01
2.104963119524525528e+00 1.662954405418959070e+01 2.287850498726986359e+01
1.439934715394953872e-02 1.870379054658612361e+01 2.286780065284609975e+01
2.100759533733583595e+00 1.247943244359923121e+01 2.288163950911913602e+01
9.707543714039496702e-03 1.455682117351146410e+01 2.287249245628593997e+01
6.250173172448121761e+00 1.140548593752041193e-02 2.287079451406243891e+01
4.184365444441854542e+00 2.111651298191424164e+00 2.287370144663116633e+01
1.040323796261163558e+01 1.247896203738836363e+01 2.290401483042973751e+01
8.328118370610090082e+00 1.455408162938990912e+01 2.290054112378234663e+01
1.870248268438337291e+01 1.662696635252286015e+01 2.288842873842509107e+01
1.662696635252286015e+01 1.870248268438337291e+01 2.288842873842509107e+01
1.455682117351146410e+01 9.707543714039553948e-03 2.287249245628593997e+01
1.247943244359923121e+01 2.100759533733582707e+00 2.288163950911913247e+01
6.251733821772782029e+00 8.328723495606420002e+00 2.289694913935715803e+01
4.173691905274650615e+00 1.040323052699298323e+01 2.289249207957263010e+01
2.119320600782947039e+00 2.076287939921707348e+01 2.286340120564391398e+01
3.959376021144752483e-02 2.284260623978856941e+01 2.284260623978856941e+01
2.102140350872206742e+00 8.326818717344856680e+00 2.288066770288251561e+01
8.999552740886776481e-03 1.040236557693217634e+01 2.287320044725914059e+01
2.286780065284610330e+01 4.178409453413906682e+00 2.286780065284609975e+01
2.077723688047548123e+01 6.252655945810397853e+00 2.287850498726986359e+01
1.870674616990540784e+01 8.327945634442308176e+00 2.289134762169731374e+01
1.663252169705140560e+01 1.040339785776372317e+01 2.289849771444371385e+01
2.287079451406245667e+01 1.663202682755188988e+01 2.287079451406245312e+01
2.077054870180856838e+01 1.869783455555815621e+01 2.287370144663116989e+01
1.455408162938990912e+01 8.328118370610090082e+00 2.290054112378235018e+01
1.247896203738836363e+01 1.040323796261163558e+01 2.290401483042973751e+01
1.040347509944025184e+01 8.326784430946378990e+00 2.290223224554672399e+01
8.326784430946378990e+00 1.040347509944025184e+01 2.290223224554672399e+01
1.870379054658612006e+01 1.439934715394986485e-02 2.286780065284609975e+01
1.662954405418959070e+01 2.104963119524526416e+00 2.287850498726986359e+01
1.455347650439357743e+01 1.663046617822721984e+01 2.289694913935714737e+01
1.247896947300701065e+01 1.870850809472536014e+01 2.289249207957261945e+01
6.249678302948586506e+00 1.247880214223627604e+01 2.289849771444371385e+01
4.175453830094608243e+00 1.455425436555770169e+01 2.289134762169731374e+01
2.111651298191424608e+00 4.184365444441854542e+00 2.287370144663116633e+01
1.140548593752146490e-02 6.250173172448121761e+00 2.287079451406244246e+01
1.869783455555815976e+01 2.077054870180856838e+01 2.287370144663116989e+01
1.663202682755188988e+01 2.287079451406245312e+01 2.287079451406245667e+01
1.040276755640077511e+01 2.078144046626642805e+01 2.288163950911913247e+01
8.325378826488543993e+00 2.287249245628595418e+01 2.287249245628595062e+01
1.040323052699298501e+01 4.173691905274649727e+00 2.289249207957262655e+01
8.328723495606421778e+00 6.251733821772781141e+00 2.289694913935715803e+01
6.254780595580847091e+00 1.662741940441916455e+01 2.289378791937732416e+01
4.184651118721112617e+00 1.869754888127890524e+01 2.288358281360840962e+01
2.287249245628595418e+01 8.325378826488543993e+00 2.287249245628595418e+01
2.078144046626642805e+01 1.040276755640077511e+01 2.288163950911913602e+01
2.285729487767267898e+01 2.076287490773608724e+01 2.285729487767267898e+01
2.076287490773609079e+01 2.285729487767267898e+01 2.285729487767267898e+01
