2.100902069461806576e+00 2.100902069461806576e+00 3.561095524053060836e-04
2.108812845818265266e-02 2.108812845818274634e-02 2.108812845818340206e-02
-1.435904723218623009e-03 4.164288194342907978e+00 -1.435904723218529985e-03
2.094539322898633316e+00 6.233735910441919437e+00 -8.742178576737582793e-03
7.304561025174825112e-03 8.298958109869019495e+00 7.304561025175881558e-03
2.102041890130949664e+00 1.039369543897479353e+01 7.304561025174603067e-03
4.164288194342907978e+00 -1.435904723218618673e-03 -1.435904723218570968e-03
6.233735910441919437e+00 2.094539322898633316e+00 -8.742178576737641774e-03
4.166338783104021282e+00 4.166338783104021282e+00 -1.733227328748173854e-02
6.234661216895966973e+00 6.234661216895966973e+00 -1.733227328748215834e-02
4.167264089558075923e+00 8.306460677101354051e+00 -8.742178576738153517e-03
6.236711805657084717e+00 1.040243590472321067e+01 -1.435904723220830662e-03
8.298958109869019495e+00 7.304561025174931797e-03 7.304561025175957886e-03
1.039369543897479531e+01 2.102041890130949220e+00 7.304561025174759192e-03
8.306460677101354051e+00 4.167264089558075923e+00 -8.742178576738245457e-03
1.040243590472321067e+01 6.236711805657084717e+00 -1.435904723221067669e-03
8.300097930538182567e+00 8.300097930538182567e+00 3.561095523969603832e-04
1.037991187154180750e+01 1.037991187154180928e+01 2.108812845817640072e-02
6.235509317328952861e+00 4.165490682671038947e+00 2.086931016786795379e+00
4.165490682671038947e+00 6.235509317328952861e+00 2.086931016786795823e+00
2.095057204236304482e+00 8.305942795763682440e+00 2.095057204236305370e+00
7.304561025175322110e-03 1.039369543897479531e+01 2.102041890130949664e+00
6.233610292221927196e+00 8.309615133735137604e+00 2.091384866264859088e+00
4.167264089558067930e+00 1.040974217857673167e+01 2.094539322898627098e+00
2.091384866264859976e+00 4.167389707778065500e+00 2.091384866264860420e+00
-8.742178576737901982e-03 6.233735910441918548e+00 2.094539322898633760e+00
1.039369543897479531e+01 7.304561025175429663e-03 2.102041890130949664e+00
8.305942795763682440e+00 2.095057204236304482e+00 2.095057204236304926e+00
6.233735910441918548e+00 -8.742178576737775347e-03 2.094539322898633760e+00
4.167389707778065500e+00 2.091384866264859976e+00 2.091384866264860420e+00
1.040974217857673167e+01 4.167264089558067930e+00 2.094539322898626654e+00
8.309615133735137604e+00 6.233610292221927196e+00 2.091384866264859088e+00
3.561095524049504653e-04 2.100902069461806576e+00 2.100902069461807020e+00
2.100902069461806576e+00 3.561095524049130061e-04 2.100902069461807020e+00
1.040064389044757753e+01 8.300097930538184343e+00 2.100902069461802579e+00
8.300097930538184343e+00 1.040064389044757753e+01 2.100902069461803023e+00
-8.742178576738623627e-03 8.306460677101354051e+00 4.167264089558075923e+00
2.094539322898627098e+00 1.040974217857673167e+01 4.167264089558068818e+00
2.091384866264859976e+00 2.091384866264859976e+00 4.167389707778066388e+00
-1.435904723218737501e-03 -1.435904723218794313e-03 4.164288194342908866e+00
8.306460677101354051e+00 -8.742178576738500462e-03 4.167264089558075923e+00
1.040974217857673167e+01 2.094539322898627098e+00 4.167264089558068818e+00
4.164388877208423878e+00 4.164388877208423878e+00 4.164388877208424766e+00
6.236611122791569706e+00 6.236611122791569706e+00 4.164388877208422102e+00
-1.733227328748201956e-02 4.166338783104021282e+00 4.166338783104022170e+00
2.086931016786795379e+00 6.235509317328952861e+00 4.165490682671039835e+00
8.314068983213193320e+00 4.165490682671036282e+00 4.165490682671036282e+00
1.041833227328747746e+01 6.234661216895967861e+00 4.166338783104019505e+00
4.166338783104021282e+00 -1.733227328748201609e-02 4.166338783104022170e+00
6.235509317328952861e+00 2.086931016786794935e+00 4.165490682671039835e+00
4.165490682671036282e+00 8.314068983213195096e+00 4.165490682671036282e+00
6.234661216895967861e+00 1.041833227328747746e+01 4.166338783104019505e+00
8.309615133735137604e+00 8.309615133735137604e+00 4.167389707778068164e+00
1.040243590472321067e+01 1.040243590472321067e+01 4.164288194342906202e+00
1.040243590472321067e+01 -1.435904723221305326e-03 6.236711805657084717e+00
8.309615133735137604e+00 2.091384866264858644e+00 6.233610292221927196e+00
2.086931016786795379e+00 4.165490682671038947e+00 6.235509317328953749e+00
-1.733227328748259896e-02 6.234661216895967861e+00 6.234661216895968749e+00
-8.742178576737834328e-03 2.094539322898633316e+00 6.233735910441919437e+00
2.094539322898633316e+00 -8.742178576737849940e-03 6.233735910441919437e+00
6.235509317328952861e+00 8.314068983213193320e+00 6.235509317328952861e+00
4.166338783104020393e+00 1.041833227328747746e+01 6.234661216895968749e+00
1.041833227328747746e+01 4.166338783104019505e+00 6.234661216895967861e+00
8.314068983213193320e+00 6.235509317328952861e+00 6.235509317328952861e+00
2.091384866264859088e+00 8.309615133735137604e+00 6.233610292221927196e+00
-1.435904723221124481e-03 1.040243590472321067e+01 6.236711805657084717e+00
6.236611122791569706e+00 4.164388877208422102e+00 6.236611122791569706e+00
4.164388877208422102e+00 6.236611122791569706e+00 6.236611122791569706e+00
6.234661216895966973e+00 -1.733227328748297713e-02 6.234661216895968749e+00
4.165490682671038947e+00 2.086931016786795379e+00 6.235509317328953749e+00
1.040974217857673345e+01 8.306460677101355827e+00 6.233735910441919437e+00
8.306460677101355827e+00 1.040974217857673345e+01 6.233735910441919437e+00
4.167389707778068164e+00 8.309615133735137604e+00 8.309615133735137604e+00
6.233735910441919437e+00 1.040974217857673345e+01 8.306460677101355827e+00
4.165490682671036282e+00 4.165490682671036282e+00 8.314068983213195096e+00
6.235509317328952861e+00 6.235509317328952861e+00 8.314068983213193320e+00
-8.742178576738828324e-03 4.167264089558075035e+00 8.306460677101355827e+00
2.091384866264858644e+00 6.233610292221927196e+00 8.309615133735137604e+00
8.309615133735137604e+00 4.167389707778068164e+00 8.309615133735137604e+00
1.040974217857673345e+01 6.233735910441919437e+00 8.306460677101355827e+00
3.561095523974311438e-04 8.300097930538182567e+00 8.300097930538182567e+00
2.100902069461803023e+00 1.040064389044757931e+01 8.300097930538184343e+00
2.095057204236304038e+00 2.095057204236304038e+00 8.305942795763682440e+00
7.304561025175443541e-03 7.304561025175443541e-03 8.298958109869019495e+00
8.300097930538182567e+00 3.561095523973035332e-04 8.300097930538182567e+00
1.040064389044757931e+01 2.100902069461803023e+00 8.300097930538184343e+00
4.167264089558075035e+00 -8.742178576738866488e-03 8.306460677101355827e+00
6.233610292221927196e+00 2.091384866264858200e+00 8.309615133735137604e+00
8.305942795763684217e+00 8.305942795763684217e+00 8.305942795763684217e+00
1.039369543897480774e+01 1.039369543897480774e+01 8.298958109869030153e+00
6.236711805657084717e+00 -1.435904723221275619e-03 1.040243590472321067e+01
4.167264089558067930e+00 2.094539322898626654e+00 1.040974217857673167e+01
2.100902069461803023e+00 8.300097930538184343e+00 1.040064389044757931e+01
2.108812845817720910e-02 1.037991187154180928e+01 1.037991187154180928e+01
1.040243590472321067e+01 4.164288194342907090e+00 1.040243590472321067e+01
8.306460677101355827e+00 6.233735910441919437e+00 1.040974217857673345e+01
6.234661216895968749e+00 4.166338783104019505e+00 1.041833227328747746e+01
4.166338783104019505e+00 6.234661216895967861e+00 1.041833227328747746e+01
1.037991187154180928e+01 2.108812845817779544e-02 1.037991187154180928e+01
8.300097930538184343e+00 2.100902069461803023e+00 1.040064389044757931e+01
6.233735910441919437e+00 8.306460677101355827e+00 1.040974217857673345e+01
4.164288194342907090e+00 1.040243590472321067e+01 1.040243590472321067e+01
2.094539322898626654e+00 4.167264089558067930e+00 1.040974217857673167e+01
-1.435904723221195604e-03 6.236711805657084717e+00 1.040243590472321067e+01
2.102041890130949220e+00 7.304561025174838990e-03 1.039369543897479709e+01
7.304561025174819040e-03 2.102041890130949220e+00 1.039369543897479709e+01
1.039369543897480774e+01 8.298958109869030153e+00 1.039369543897480774e+01
8.298958109869030153e+00 1.039369543897480774e+01 1.039369543897480774e+01
