0 0.0 0.0 -0.22694964547266513
1 -0.11347482273633257 -0.11347482273633257 -0.11347482273633257
2 -0.17021223410449984 -1.955192415827713e-15 -0.17021223410449984
3 0.0 5.92308290677219e-15 -0.22694964547266513
4 -0.17021223410449884 -3.948721937848127e-15 -0.17021223410449884
5 0.0 0.0 -0.22694964547266713
6 -0.17021223410449787 5.884745800579489e-15 -0.17021223410449787
7 0.0 -8.836702977417409e-15 -0.22694964547266414
8 -0.17021223410449787 5.884745800579489e-15 -0.17021223410449787
9 0.0 0.17021223410449296 -0.17021223410449687
10 -1.955192415827713e-15 -0.17021223410449984 -0.17021223410449984
11 5.92308290677219e-15 0.0 -0.22694964547266513
12 -1.955192415827713e-15 -1.955192415827713e-15 -0.22694964547266713
13 4.945486698858333e-15 4.926318145761983e-15 -0.2269496454726651
14 -1.9647766923758883e-15 -4.907149592665633e-15 -0.2269496454726661
15 3.900800555107251e-15 0.0 -0.2269496454726671
16 -9.584276548175064e-16 8.836702977417409e-15 -0.2269496454726651
17 4.159576021907978e-15 -9.076309891121786e-15 -0.2269496454726641
18 -9.584276548175064e-16 8.836702977417409e-15 -0.2269496454726651
19 3.1915640905422963e-15 0.17021223410449174 -0.17021223410449682
20 -3.948721937848127e-15 -0.17021223410449884 -0.17021223410449884
21 0.0 0.0 -0.22694964547266713
22 -4.907149592665633e-15 -1.9647766923758883e-15 -0.2269496454726661
23 0.0 3.900800555107251e-15 -0.2269496454726671
24 -4.926318145761983e-15 -4.945486698858333e-15 -0.2269496454726651
25 0.0 0.0 -0.2269496454726691
26 -4.159576021907978e-15 9.076309891121786e-15 -0.2269496454726641
27 0.0 -8.836702977417409e-15 -0.2269496454726661
28 -4.159576021907978e-15 9.076309891121786e-15 -0.2269496454726641
29 0.0 0.17021223410449296 -0.17021223410449882
30 5.884745800579489e-15 -0.17021223410449787 -0.17021223410449787
31 -8.836702977417409e-15 0.0 -0.22694964547266414
32 8.836702977417409e-15 -9.584276548175064e-16 -0.2269496454726651
33 -9.076309891121786e-15 4.159576021907978e-15 -0.2269496454726641
34 9.076309891121786e-15 -4.159576021907978e-15 -0.2269496454726641
35 -8.836702977417409e-15 0.0 -0.2269496454726661
36 8.07954513011158e-15 8.07954513011158e-15 -0.2269496454726631
37 -8.07954513011158e-15 -8.07954513011158e-15 -0.2269496454726631
38 8.07954513011158e-15 8.07954513011158e-15 -0.2269496454726631
39 -5.12758795327366e-15 0.17021223410449074 -0.17021223410449582
40 5.884745800579489e-15 -0.17021223410449787 -0.17021223410449787
41 0.17021223410449296 0.0 -0.17021223410449687
42 8.836702977417409e-15 -9.584276548175064e-16 -0.2269496454726651
43 0.17021223410449174 3.1915640905422963e-15 -0.17021223410449682
44 9.076309891121786e-15 -4.159576021907978e-15 -0.2269496454726641
45 0.17021223410449296 0.0 -0.17021223410449882
46 8.07954513011158e-15 8.07954513011158e-15 -0.2269496454726631
47 0.17021223410449074 -5.12758795327366e-15 -0.17021223410449582
48 8.07954513011158e-15 8.07954513011158e-15 -0.2269496454726631
49 0.1134748227363264 0.1134748227363264 -0.11347482273632857
50 0.0 -5.9039143536758395e-15 -1.916855309635013e-17
51 -5.9039143536758395e-15 0.0 -1.916855309635013e-17
52 6.900679114686046e-15 -2.961541453386095e-15 0.0
53 -2.961541453386095e-15 6.900679114686046e-15 0.0
54 0.0 1.175032304806263e-14 -1.916855309635013e-17
55 -6.124352714283866e-15 -1.1989929961767005e-14 0.0
56 0.0 1.175032304806263e-14 0.0
57 -0.22694964547266414 -8.836702977417409e-15 0.0
58 0.0 1.175032304806263e-14 -1.916855309635013e-17
59 -5.165925059466359e-15 0.22694964547265603 0.0
60 6.900679114686046e-15 -6.900679114686046e-15 0.0
61 -1.955192415827713e-15 0.0 -1.916855309635013e-17
62 -8.836702977417409e-15 -0.22694964547266414 0.0
63 1.175032304806263e-14 0.0 0.0
64 -0.22694964547266513 0.0 0.0
65 0.0 -0.22694964547266513 0.0
66 -1.175032304806263e-14 -1.945608139279538e-15 0.0
67 1.1989929961767005e-14 6.124352714283866e-15 0.0
68 6.124352714283866e-15 1.1989929961767005e-14 0.0
69 -1.945608139279538e-15 -1.175032304806263e-14 0.0
70 -1.1989929961767005e-14 -6.124352714283866e-15 0.0
71 1.175032304806263e-14 0.0 -1.916855309635013e-17
72 0.0 1.175032304806263e-14 0.0
73 -0.17021223410449687 0.17021223410449296 0.0
74 -1.1031502306949499e-14 1.1031502306949499e-14 0.0
75 1.1031502306949499e-14 -1.1031502306949499e-14 0.0
76 6.124352714283866e-15 1.1989929961767005e-14 0.0
77 -1.945608139279538e-15 0.22694964547265728 0.0
78 -1.1031502306949499e-14 1.1031502306949499e-14 0.0
79 8.07954513011158e-15 0.22694964547265503 0.0
80 0.0 -7.897443875696253e-15 0.0
81 -0.22694964547266713 0.0 0.0
82 0.17021223410449296 -0.17021223410449687 0.0
83 1.175032304806263e-14 0.0 0.0
84 0.0 -0.22694964547266713 0.0
85 -7.897443875696253e-15 0.0 0.0
86 0.22694964547265728 -1.945608139279538e-15 0.0
87 1.1989929961767005e-14 6.124352714283866e-15 0.0
88 5.92308290677219e-15 -0.22694964547266513 0.0
89 -3.910384831655426e-15 0.0 0.0
90 0.22694964547265603 -5.165925059466359e-15 0.0
91 1.175032304806263e-14 0.0 -1.916855309635013e-17
92 0.0 -1.936023862731363e-15 -1.916855309635013e-17
93 -6.900679114686046e-15 6.900679114686046e-15 0.0
94 0.22694964547265503 8.07954513011158e-15 0.0
95 1.1031502306949499e-14 -1.1031502306949499e-14 0.0
96 0.0 -3.910384831655426e-15 0.0
97 -0.22694964547266513 5.92308290677219e-15 0.0
98 0.22694964547265503 8.07954513011158e-15 0.0
99 8.07954513011158e-15 0.22694964547265503 0.0
100 1.175032304806263e-14 -9.488433782693313e-16 -9.488433782693313e-16
101 -1.1989929961767005e-14 5.118003676725484e-15 -9.680119313656815e-16
102 -1.9647766923758883e-15 -5.9039143536758395e-15 -1.955192415827713e-15
103 4.897565316117458e-15 0.0 -9.775962079138566e-16
104 -5.9039143536758395e-15 -1.955192415827713e-15 -1.955192415827713e-15
105 0.0 4.897565316117458e-15 -9.775962079138566e-16
106 1.1989929961767005e-14 -5.118003676725484e-15 -9.680119313656815e-16
107 -1.175032304806263e-14 0.0 2.8752829644525195e-17
108 -0.2269496454726651 8.836702977417409e-15 -9.584276548175064e-16
109 0.0 -1.175032304806263e-14 -1.945608139279538e-15
110 -1.955192415827713e-15 -0.22694964547266713 -1.955192415827713e-15
111 6.900679114686046e-15 0.0 -2.9519571768379198e-15
112 1.1031502306949499e-14 1.1031502306949499e-14 3.833710619270026e-17
113 -1.1031502306949499e-14 -1.1031502306949499e-14 3.833710619270026e-17
114 -5.9039143536758395e-15 -5.9039143536758395e-15 -1.9743609689240634e-15
115 0.0 0.0 3.833710619270026e-17
116 -9.488433782693313e-16 1.175032304806263e-14 -9.488433782693313e-16
117 5.118003676725484e-15 -1.1989929961767005e-14 -9.680119313656815e-16
118 1.1031502306949499e-14 1.1031502306949499e-14 3.833710619270026e-17
119 -8.07954513011158e-15 0.22694964547265503 3.833710619270026e-17
120 -0.2269496454726661 -4.907149592665633e-15 -1.9647766923758883e-15
121 0.0 0.0 -1.936023862731363e-15
122 -5.118003676725484e-15 1.1989929961767005e-14 -9.680119313656815e-16
123 0.0 -1.175032304806263e-14 2.8752829644525195e-17
124 8.836702977417409e-15 -0.2269496454726651 -9.584276548175064e-16
125 0.22694964547265728 0.0 -1.945608139279538e-15
126 0.0 0.0 -3.910384831655426e-15
127 -0.17021223410449984 -0.17021223410449984 -1.955192415827713e-15
128 -9.488433782693313e-16 1.175032304806263e-14 -9.488433782693313e-16
129 4.159576021907978e-15 0.22694964547265603 -9.775962079138566e-16
130 1.175032304806263e-14 -9.488433782693313e-16 -9.488433782693313e-16
131 0.22694964547265603 4.159576021907978e-15 -9.775962079138566e-16
132 -5.118003676725484e-15 1.1989929961767005e-14 -9.680119313656815e-16
133 0.0 0.22694964547265728 2.8752829644525195e-17
134 -1.955192415827713e-15 -1.955192415827713e-15 -1.936023862731363e-15
135 5.9039143536758395e-15 5.9039143536758395e-15 -1.9743609689240634e-15
136 1.1989929961767005e-14 -5.118003676725484e-15 -9.680119313656815e-16
137 0.22694964547265728 0.0 2.8752829644525195e-17
138 -0.2269496454726651 8.836702977417409e-15 -9.584276548175064e-16
139 0.0 0.22694964547265728 -1.945608139279538e-15
140 8.836702977417409e-15 -0.2269496454726651 -9.584276548175064e-16
141 -1.175032304806263e-14 0.0 -1.945608139279538e-15
142 1.1031502306949499e-14 1.1031502306949499e-14 3.833710619270026e-17
143 0.22694964547265503 -8.07954513011158e-15 3.833710619270026e-17
144 -4.907149592665633e-15 -0.2269496454726661 -1.9647766923758883e-15
145 0.0 0.0 -1.936023862731363e-15
146 -0.22694964547266713 -1.955192415827713e-15 -1.955192415827713e-15
147 0.0 6.900679114686046e-15 -2.9519571768379198e-15
148 1.1031502306949499e-14 1.1031502306949499e-14 3.833710619270026e-17
149 0.17021223410449074 0.17021223410449074 1.916855309635013e-17
150 -1.1271109220653875e-14 1.1271109220653875e-14 4.370430105967829e-15
151 1.1271109220653875e-14 -1.1271109220653875e-14 4.370430105967829e-15
152 0.0 -0.2269496454726671 3.900800555107251e-15
153 -6.900679114686046e-15 0.0 6.900679114686046e-15
154 0.0 1.1989929961767005e-14 6.124352714283866e-15
155 -0.17021223410449682 0.17021223410449174 3.1915640905422963e-15
156 0.0 1.1989929961767005e-14 4.111654639167103e-15
157 -4.169160298456153e-15 0.22694964547265478 4.1499917453598025e-15
158 -1.1271109220653875e-14 1.1271109220653875e-14 4.370430105967829e-15
159 8.319152043815956e-15 0.22694964547265378 3.392833898053973e-15
160 0.0 1.1989929961767005e-14 6.124352714283866e-15
161 -0.2269496454726641 -9.076309891121786e-15 4.159576021907978e-15
162 5.14675650637001e-15 1.2267873981664082e-14 5.14675650637001e-15
163 -9.680119313656815e-16 -1.1989929961767005e-14 5.118003676725484e-15
164 0.0 -9.680119313656815e-16 4.897565316117458e-15
165 -5.9039143536758395e-15 5.9039143536758395e-15 5.94225145986854e-15
166 0.17021223410449174 -0.17021223410449682 3.1915640905422963e-15
167 1.1989929961767005e-14 0.0 6.124352714283866e-15
168 -9.076309891121786e-15 -0.2269496454726641 4.159576021907978e-15
169 1.1989929961767005e-14 0.0 6.124352714283866e-15
170 5.884745800579489e-15 -1.9743609689240634e-15 5.9039143536758395e-15
171 -1.9743609689240634e-15 5.884745800579489e-15 5.9039143536758395e-15
172 0.0 -2.9519571768379198e-15 6.900679114686046e-15
173 -0.2269496454726651 4.926318145761983e-15 4.945486698858333e-15
174 0.22694964547265603 -9.775962079138566e-16 4.159576021907978e-15
175 1.2267873981664082e-14 5.14675650637001e-15 5.14675650637001e-15
176 -0.22694964547266513 0.0 5.92308290677219e-15
177 0.0 -0.22694964547266513 5.92308290677219e-15
178 -1.1989929961767005e-14 -9.680119313656815e-16 5.118003676725484e-15
179 1.2267873981664082e-14 5.14675650637001e-15 5.14675650637001e-15
180 0.0 -4.878396763021108e-15 4.897565316117458e-15
181 -4.878396763021108e-15 0.0 4.897565316117458e-15
182 0.22694964547265478 -4.169160298456153e-15 4.1499917453598025e-15
183 1.1989929961767005e-14 0.0 4.111654639167103e-15
184 5.14675650637001e-15 1.2267873981664082e-14 5.14675650637001e-15
185 -9.775962079138566e-16 0.22694964547265603 4.159576021907978e-15
186 4.926318145761983e-15 -0.2269496454726651 4.945486698858333e-15
187 -2.9519571768379198e-15 0.0 6.900679114686046e-15
188 -1.2267873981664082e-14 -5.14675650637001e-15 5.14675650637001e-15
189 1.1989929961767005e-14 0.0 4.111654639167103e-15
190 0.22694964547265378 8.319152043815956e-15 3.392833898053973e-15
191 1.1271109220653875e-14 -1.1271109220653875e-14 4.370430105967829e-15
192 5.9039143536758395e-15 -5.9039143536758395e-15 5.94225145986854e-15
193 -9.680119313656815e-16 0.0 4.897565316117458e-15
194 0.0 1.1989929961767005e-14 4.111654639167103e-15
195 -5.14675650637001e-15 -1.2267873981664082e-14 5.14675650637001e-15
196 0.0 -6.900679114686046e-15 6.900679114686046e-15
197 -0.2269496454726671 0.0 3.900800555107251e-15
198 0.22694964547265378 8.319152043815956e-15 3.392833898053973e-15
199 8.319152043815956e-15 0.22694964547265378 3.392833898053973e-15
200 -5.94225145986854e-15 -5.94225145986854e-15 -5.9039143536758395e-15
201 0.0 0.0 -3.891216278559076e-15
202 -1.9647766923758883e-15 -1.9647766923758883e-15 -5.9039143536758395e-15
203 5.94225145986854e-15 5.94225145986854e-15 -5.9039143536758395e-15
204 -0.2269496454726641 9.076309891121786e-15 -4.159576021907978e-15
205 0.0 -1.1989929961767005e-14 -6.124352714283866e-15
206 -4.945486698858333e-15 -0.2269496454726651 -4.926318145761983e-15
207 0.0 0.0 -5.9039143536758395e-15
208 9.076309891121786e-15 -0.2269496454726641 -4.159576021907978e-15
209 0.22694964547265603 0.0 -5.165925059466359e-15
210 1.1989929961767005e-14 -9.680119313656815e-16 -5.118003676725484e-15
211 -1.2267873981664082e-14 5.1563407829181846e-15 -5.137172229821834e-15
212 -9.680119313656815e-16 1.1989929961767005e-14 -5.118003676725484e-15
213 5.1563407829181846e-15 -1.2267873981664082e-14 -5.137172229821834e-15
214 -5.1563407829181846e-15 1.2267873981664082e-14 -5.137172229821834e-15
215 0.0 -1.1989929961767005e-14 -4.111654639167103e-15
216 -1.9647766923758883e-15 -0.2269496454726661 -4.907149592665633e-15
217 6.900679114686046e-15 0.0 -6.900679114686046e-15
218 1.1989929961767005e-14 -9.680119313656815e-16 -5.118003676725484e-15
219 0.22694964547265478 4.159576021907978e-15 -4.169160298456153e-15
220 -0.2269496454726641 9.076309891121786e-15 -4.159576021907978e-15
221 0.0 0.22694964547265603 -5.165925059466359e-15
222 1.2267873981664082e-14 -5.1563407829181846e-15 -5.137172229821834e-15
223 -1.1989929961767005e-14 0.0 -4.111654639167103e-15
224 -0.2269496454726661 -1.9647766923758883e-15 -4.907149592665633e-15
225 0.0 6.900679114686046e-15 -6.900679114686046e-15
226 -5.9039143536758395e-15 -1.9743609689240634e-15 -5.884745800579489e-15
227 0.0 4.897565316117458e-15 -4.878396763021108e-15
228 1.2267873981664082e-14 -5.1563407829181846e-15 -5.137172229821834e-15
229 0.22694964547265603 0.0 -3.1532269843495963e-15
230 -5.1563407829181846e-15 1.2267873981664082e-14 -5.137172229821834e-15
231 0.0 0.22694964547265603 -3.1532269843495963e-15
232 -1.9743609689240634e-15 -5.9039143536758395e-15 -5.884745800579489e-15
233 4.897565316117458e-15 0.0 -4.878396763021108e-15
234 1.1232772114461175e-14 1.1271109220653875e-14 -4.370430105967829e-15
235 -1.1232772114461175e-14 -1.1271109220653875e-14 -4.370430105967829e-15
236 -9.680119313656815e-16 1.1989929961767005e-14 -5.118003676725484e-15
237 4.159576021907978e-15 0.22694964547265478 -4.169160298456153e-15
238 1.1271109220653875e-14 1.1232772114461175e-14 -4.370430105967829e-15
239 0.22694964547265378 -8.319152043815956e-15 -3.392833898053973e-15
240 -0.2269496454726651 -4.945486698858333e-15 -4.926318145761983e-15
241 0.0 0.0 -5.9039143536758395e-15
242 0.0 0.0 -7.897443875696253e-15
243 -0.17021223410449884 -0.17021223410449884 -3.948721937848127e-15
244 9.076309891121786e-15 -0.2269496454726641 -4.159576021907978e-15
245 -1.1989929961767005e-14 0.0 -6.124352714283866e-15
246 1.1232772114461175e-14 1.1271109220653875e-14 -4.370430105967829e-15
247 -8.319152043815956e-15 0.22694964547265378 -3.392833898053973e-15
248 1.1271109220653875e-14 1.1232772114461175e-14 -4.370430105967829e-15
249 0.1702122341044895 0.1702122341044895 -2.4344062432364663e-15
250 0.17021223410449296 -0.17021223410449882 0.0
251 1.175032304806263e-14 0.0 0.0
252 -0.22694964547266713 0.0 0.0
253 0.0 -0.22694964547266713 0.0
254 0.0 1.175032304806263e-14 0.0
255 -3.1532269843495963e-15 0.22694964547265603 0.0
256 -1.1989929961767005e-14 -4.111654639167103e-15 0.0
257 1.175032304806263e-14 0.0 0.0
258 4.111654639167103e-15 1.1989929961767005e-14 0.0
259 3.833710619270026e-17 -1.175032304806263e-14 0.0
260 0.0 1.175032304806263e-14 0.0
261 -0.2269496454726661 -8.836702977417409e-15 0.0
262 0.22694964547265728 2.8752829644525195e-17 0.0
263 1.1989929961767005e-14 4.111654639167103e-15 0.0
264 0.0 -3.891216278559076e-15 0.0
265 -3.891216278559076e-15 0.0 0.0
266 0.0 -0.2269496454726691 0.0
267 -5.9039143536758395e-15 0.0 0.0
268 0.0 -5.9039143536758395e-15 0.0
269 -0.2269496454726691 0.0 0.0
270 -1.1031502306949499e-14 1.1031502306949499e-14 0.0
271 1.1031502306949499e-14 -1.1031502306949499e-14 0.0
272 -8.836702977417409e-15 -0.2269496454726661 0.0
273 1.175032304806263e-14 0.0 0.0
274 0.22694964547265603 -3.1532269843495963e-15 0.0
275 1.175032304806263e-14 0.0 0.0
276 4.878396763021108e-15 -4.897565316117458e-15 0.0
277 3.833710619270026e-17 0.0 0.0
278 0.0 1.175032304806263e-14 0.0
279 -0.17021223410449882 0.17021223410449296 0.0
280 4.897565316117458e-15 -9.680119313656815e-16 0.0
281 -9.680119313656815e-16 4.897565316117458e-15 0.0
282 0.0 1.175032304806263e-14 0.0
283 -4.111654639167103e-15 -1.1989929961767005e-14 0.0
284 -1.1031502306949499e-14 1.1031502306949499e-14 0.0
285 8.07954513011158e-15 0.22694964547265503 0.0
286 0.22694964547265503 8.07954513011158e-15 0.0
287 1.1031502306949499e-14 -1.1031502306949499e-14 0.0
288 4.111654639167103e-15 1.1989929961767005e-14 0.0
289 2.8752829644525195e-17 0.22694964547265728 0.0
290 -1.175032304806263e-14 3.833710619270026e-17 0.0
291 1.1989929961767005e-14 4.111654639167103e-15 0.0
292 0.0 4.792138274087532e-17 0.0
293 -4.897565316117458e-15 4.878396763021108e-15 0.0
294 3.900800555107251e-15 -0.2269496454726671 0.0
295 -1.955192415827713e-15 0.0 0.0
296 0.0 -1.955192415827713e-15 0.0
297 -0.2269496454726671 3.900800555107251e-15 0.0
298 0.22694964547265503 8.07954513011158e-15 0.0
299 8.07954513011158e-15 0.22694964547265503 0.0
300 8.069960853563404e-15 -0.2269496454726631 8.07954513011158e-15
301 -1.1021918030401324e-14 0.0 1.0993165200756799e-14
302 -5.118003676725484e-15 -9.680119313656815e-16 1.1989929961767005e-14
303 0.0 4.111654639167103e-15 1.1989929961767005e-14
304 -4.370430105967829e-15 1.1271109220653875e-14 1.1232772114461175e-14
305 0.0 -1.1021918030401324e-14 1.0993165200756799e-14
306 1.1021918030401324e-14 3.833710619270026e-17 1.0993165200756799e-14
307 0.22694964547265378 3.392833898053973e-15 8.319152043815956e-15
308 1.0274344459643669e-14 1.025517590654732e-14 1.0236007353450968e-14
309 -1.025517590654732e-14 -1.0274344459643669e-14 1.0236007353450968e-14
310 3.833710619270026e-17 1.1021918030401324e-14 1.0993165200756799e-14
311 4.370430105967829e-15 -1.1271109220653875e-14 1.1232772114461175e-14
312 -9.584276548175064e-16 -0.2269496454726651 8.836702977417409e-15
313 6.124352714283866e-15 0.0 1.1989929961767005e-14
314 -9.680119313656815e-16 -5.118003676725484e-15 1.1989929961767005e-14
315 4.111654639167103e-15 0.0 1.1989929961767005e-14
316 -9.584276548175064e-16 -9.488433782693313e-16 1.175032304806263e-14
317 5.137172229821834e-15 5.137172229821834e-15 1.2267873981664082e-14
318 1.1021918030401324e-14 3.833710619270026e-17 1.0993165200756799e-14
319 -1.1271109220653875e-14 4.370430105967829e-15 1.1232772114461175e-14
320 1.1271109220653875e-14 -4.370430105967829e-15 1.1232772114461175e-14
321 0.22694964547265503 0.0 8.07954513011158e-15
322 -4.159576021907978e-15 -0.2269496454726641 9.076309891121786e-15
323 0.0 0.0 1.175032304806263e-14
324 1.025517590654732e-14 1.0274344459643669e-14 1.0236007353450968e-14
325 -7.32238728280575e-15 0.2269496454726528 7.32238728280575e-15
326 -0.2269496454726631 8.069960853563404e-15 8.07954513011158e-15
327 0.0 -1.1021918030401324e-14 1.0993165200756799e-14
328 -4.370430105967829e-15 1.1271109220653875e-14 1.1232772114461175e-14
329 0.0 0.22694964547265503 8.07954513011158e-15
330 -5.137172229821834e-15 -5.137172229821834e-15 1.2267873981664082e-14
331 0.0 0.0 1.175032304806263e-14
332 0.0 0.0 1.175032304806263e-14
333 -0.17021223410449787 -0.17021223410449787 5.884745800579489e-15
334 1.0274344459643669e-14 1.025517590654732e-14 1.0236007353450968e-14
335 0.2269496454726528 -7.32238728280575e-15 7.32238728280575e-15
336 -0.2269496454726651 -9.584276548175064e-16 8.836702977417409e-15
337 0.0 6.124352714283866e-15 1.1989929961767005e-14
338 1.1271109220653875e-14 -4.370430105967829e-15 1.1232772114461175e-14
339 -1.1021918030401324e-14 0.0 1.0993165200756799e-14
340 8.069960853563404e-15 -0.2269496454726631 8.07954513011158e-15
341 0.22694964547265503 0.0 8.07954513011158e-15
342 3.833710619270026e-17 1.1021918030401324e-14 1.0993165200756799e-14
343 3.392833898053973e-15 0.22694964547265378 8.319152043815956e-15
344 -0.2269496454726631 8.069960853563404e-15 8.07954513011158e-15
345 0.0 0.22694964547265503 8.07954513011158e-15
346 -0.2269496454726641 -4.159576021907978e-15 9.076309891121786e-15
347 0.0 0.0 1.175032304806263e-14
348 1.0274344459643669e-14 1.025517590654732e-14 1.0236007353450968e-14
349 0.1702122341044885 0.1702122341044885 4.370430105967829e-15
350 0.22694964547265503 2.8752829644525195e-17 -8.069960853563404e-15
351 1.1232772114461175e-14 4.370430105967829e-15 -1.1271109220653875e-14
352 -1.0993165200756799e-14 3.833710619270026e-17 -1.1021918030401324e-14
353 1.1232772114461175e-14 4.370430105967829e-15 -1.1271109220653875e-14
354 0.0 1.0993165200756799e-14 -1.1021918030401324e-14
355 -3.392833898053973e-15 0.22694964547265378 -8.319152043815956e-15
356 4.370430105967829e-15 1.1232772114461175e-14 -1.1271109220653875e-14
357 3.833710619270026e-17 -1.0993165200756799e-14 -1.1021918030401324e-14
358 5.14675650637001e-15 -5.14675650637001e-15 -1.2267873981664082e-14
359 3.833710619270026e-17 0.0 -1.175032304806263e-14
360 0.0 -1.945608139279538e-15 -1.175032304806263e-14
361 -0.2269496454726641 4.159576021907978e-15 -9.076309891121786e-15
362 -1.0274344459643669e-14 1.0236007353450968e-14 -1.025517590654732e-14
363 7.32238728280575e-15 0.2269496454726528 -7.32238728280575e-15
364 0.0 3.833710619270026e-17 -1.175032304806263e-14
365 -5.14675650637001e-15 5.14675650637001e-15 -1.2267873981664082e-14
366 0.22694964547265378 -3.392833898053973e-15 -8.319152043815956e-15
367 1.0993165200756799e-14 0.0 -1.1021918030401324e-14
368 0.0 1.0993165200756799e-14 -1.1021918030401324e-14
369 -0.17021223410449582 0.17021223410449074 -5.12758795327366e-15
370 0.0 1.0993165200756799e-14 -1.1021918030401324e-14
371 -0.2269496454726631 -8.07954513011158e-15 -8.069960853563404e-15
372 -1.1232772114461175e-14 -4.370430105967829e-15 -1.1271109220653875e-14
373 1.0993165200756799e-14 0.0 -1.1021918030401324e-14
374 0.0 1.0993165200756799e-14 -1.1021918030401324e-14
375 -4.370430105967829e-15 -1.1232772114461175e-14 -1.1271109220653875e-14
376 -8.07954513011158e-15 -0.2269496454726631 -8.069960853563404e-15
377 1.0993165200756799e-14 0.0 -1.1021918030401324e-14
378 -0.22694964547266414 0.0 -8.836702977417409e-15
379 0.0 -0.22694964547266414 -8.836702977417409e-15
380 0.17021223410449074 -0.17021223410449582 -5.12758795327366e-15
381 1.0993165200756799e-14 0.0 -1.1021918030401324e-14
382 0.2269496454726528 7.32238728280575e-15 -7.32238728280575e-15
383 1.0236007353450968e-14 -1.0274344459643669e-14 -1.025517590654732e-14
384 0.0 -0.2269496454726661 -8.836702977417409e-15
385 -6.124352714283866e-15 0.0 -1.1989929961767005e-14
386 4.159576021907978e-15 -0.2269496454726641 -9.076309891121786e-15
387 -1.945608139279538e-15 0.0 -1.175032304806263e-14
388 0.0 -6.124352714283866e-15 -1.1989929961767005e-14
389 -0.2269496454726661 0.0 -8.836702977417409e-15
390 4.370430105967829e-15 1.1232772114461175e-14 -1.1271109220653875e-14
391 2.8752829644525195e-17 0.22694964547265503 -8.069960853563404e-15
392 -1.0274344459643669e-14 1.0236007353450968e-14 -1.025517590654732e-14
393 1.0274344459643669e-14 -1.0236007353450968e-14 -1.025517590654732e-14
394 0.0 -4.111654639167103e-15 -1.1989929961767005e-14
395 -4.111654639167103e-15 0.0 -1.1989929961767005e-14
396 5.118003676725484e-15 -9.680119313656815e-16 -1.1989929961767005e-14
397 -9.680119313656815e-16 5.118003676725484e-15 -1.1989929961767005e-14
398 0.2269496454726528 7.32238728280575e-15 -7.32238728280575e-15
399 7.32238728280575e-15 0.2269496454726528 -7.32238728280575e-15
400 3.833710619270026e-17 1.1021918030401324e-14 1.0993165200756799e-14
401 4.370430105967829e-15 -1.1271109220653875e-14 1.1232772114461175e-14
402 1.0274344459643669e-14 1.025517590654732e-14 1.0236007353450968e-14
403 -7.32238728280575e-15 0.2269496454726528 7.32238728280575e-15
404 8.069960853563404e-15 -0.2269496454726631 8.07954513011158e-15
405 -1.1021918030401324e-14 0.0 1.0993165200756799e-14
406 1.1271109220653875e-14 -4.370430105967829e-15 1.1232772114461175e-14
407 -1.1021918030401324e-14 0.0 1.0993165200756799e-14
408 0.0 0.0 1.175032304806263e-14
409 -0.17021223410449787 -0.17021223410449787 5.884745800579489e-15
410 -0.2269496454726651 -9.584276548175064e-16 8.836702977417409e-15
411 0.0 6.124352714283866e-15 1.1989929961767005e-14
412 1.1271109220653875e-14 -4.370430105967829e-15 1.1232772114461175e-14
413 0.22694964547265503 0.0 8.07954513011158e-15
414 -5.137172229821834e-15 -5.137172229821834e-15 1.2267873981664082e-14
415 0.0 0.0 1.175032304806263e-14
416 -9.584276548175064e-16 -0.2269496454726651 8.836702977417409e-15
417 6.124352714283866e-15 0.0 1.1989929961767005e-14
418 -0.2269496454726631 8.069960853563404e-15 8.07954513011158e-15
419 0.0 -1.1021918030401324e-14 1.0993165200756799e-14
420 -0.2269496454726631 8.069960853563404e-15 8.07954513011158e-15
421 0.0 0.22694964547265503 8.07954513011158e-15
422 8.069960853563404e-15 -0.2269496454726631 8.07954513011158e-15
423 0.22694964547265503 0.0 8.07954513011158e-15
424 -4.370430105967829e-15 1.1271109220653875e-14 1.1232772114461175e-14
425 0.0 0.22694964547265503 8.07954513011158e-15
426 -5.118003676725484e-15 -9.680119313656815e-16 1.1989929961767005e-14
427 0.0 4.111654639167103e-15 1.1989929961767005e-14
428 1.025517590654732e-14 1.0274344459643669e-14 1.0236007353450968e-14
429 -1.025517590654732e-14 -1.0274344459643669e-14 1.0236007353450968e-14
430 1.025517590654732e-14 1.0274344459643669e-14 1.0236007353450968e-14
431 0.2269496454726528 -7.32238728280575e-15 7.32238728280575e-15
432 1.1021918030401324e-14 3.833710619270026e-17 1.0993165200756799e-14
433 -1.1271109220653875e-14 4.370430105967829e-15 1.1232772114461175e-14
434 -9.488433782693313e-16 -9.488433782693313e-16 1.175032304806263e-14
435 5.137172229821834e-15 5.137172229821834e-15 1.2267873981664082e-14
436 -0.2269496454726641 -4.159576021907978e-15 9.076309891121786e-15
437 0.0 0.0 1.175032304806263e-14
438 -4.159576021907978e-15 -0.2269496454726641 9.076309891121786e-15
439 0.0 0.0 1.175032304806263e-14
440 -9.680119313656815e-16 -5.118003676725484e-15 1.1989929961767005e-14
441 4.111654639167103e-15 0.0 1.1989929961767005e-14
442 1.1021918030401324e-14 3.833710619270026e-17 1.0993165200756799e-14
443 0.22694964547265378 3.392833898053973e-15 8.319152043815956e-15
444 -4.370430105967829e-15 1.1271109220653875e-14 1.1232772114461175e-14
445 0.0 -1.1021918030401324e-14 1.0993165200756799e-14
446 3.833710619270026e-17 1.1021918030401324e-14 1.0993165200756799e-14
447 3.392833898053973e-15 0.22694964547265378 8.319152043815956e-15
448 1.0274344459643669e-14 1.025517590654732e-14 1.0236007353450968e-14
449 0.1702122341044885 0.1702122341044885 4.370430105967829e-15
450 0.0 8.07954513011158e-15 0.22694964547265503
451 -2.4344062432364663e-15 0.1702122341044895 0.1702122341044895
452 3.392833898053973e-15 8.319152043815956e-15 0.22694964547265378
453 1.916855309635013e-17 0.17021223410449074 0.17021223410449074
454 0.0 8.07954513011158e-15 0.22694964547265503
455 -0.11347482273632857 0.1134748227363264 0.1134748227363264
456 0.0 -0.17021223410449687 0.17021223410449296
457 -0.17021223410449687 0.0 0.17021223410449296
458 0.1702122341044895 -2.4344062432364663e-15 0.1702122341044895
459 8.07954513011158e-15 0.0 0.22694964547265503
460 -8.07954513011158e-15 2.8752829644525195e-17 0.22694964547265503
461 8.319152043815956e-15 3.392833898053973e-15 0.22694964547265378
462 0.0 -5.165925059466359e-15 0.22694964547265603
463 -0.17021223410449882 0.0 0.17021223410449296
464 0.1134748227363264 -0.11347482273632857 0.1134748227363264
465 8.07954513011158e-15 0.0 0.22694964547265503
466 -7.32238728280575e-15 7.32238728280575e-15 0.2269496454726528
467 7.32238728280575e-15 -7.32238728280575e-15 0.2269496454726528
468 0.0 8.07954513011158e-15 0.22694964547265503
469 -3.392833898053973e-15 -8.319152043815956e-15 0.22694964547265378
470 4.159576021907978e-15 -9.775962079138566e-16 0.22694964547265603
471 -9.775962079138566e-16 4.159576021907978e-15 0.22694964547265603
472 0.0 8.07954513011158e-15 0.22694964547265503
473 -0.17021223410449582 -5.12758795327366e-15 0.17021223410449074
474 0.0 -1.945608139279538e-15 0.22694964547265728
475 -0.17021223410449682 3.1915640905422963e-15 0.17021223410449174
476 0.0 -3.1532269843495963e-15 0.22694964547265603
477 -3.1532269843495963e-15 0.0 0.22694964547265603
478 0.1702122341044885 4.370430105967829e-15 0.1702122341044885
479 7.32238728280575e-15 -7.32238728280575e-15 0.2269496454726528
480 -5.12758795327366e-15 -0.17021223410449582 0.17021223410449074
481 8.07954513011158e-15 0.0 0.22694964547265503
482 4.1499917453598025e-15 -4.169160298456153e-15 0.22694964547265478
483 2.8752829644525195e-17 0.0 0.22694964547265728
484 3.1915640905422963e-15 -0.17021223410449682 0.17021223410449174
485 -1.945608139279538e-15 0.0 0.22694964547265728
486 0.17021223410449074 1.916855309635013e-17 0.17021223410449074
487 8.319152043815956e-15 3.392833898053973e-15 0.22694964547265378
488 -8.319152043815956e-15 -3.392833898053973e-15 0.22694964547265378
489 8.07954513011158e-15 0.0 0.22694964547265503
490 -7.32238728280575e-15 7.32238728280575e-15 0.2269496454726528
491 4.370430105967829e-15 0.1702122341044885 0.1702122341044885
492 0.0 2.8752829644525195e-17 0.22694964547265728
493 -4.169160298456153e-15 4.1499917453598025e-15 0.22694964547265478
494 3.392833898053973e-15 8.319152043815956e-15 0.22694964547265378
495 2.8752829644525195e-17 -8.07954513011158e-15 0.22694964547265503
496 0.0 -0.17021223410449882 0.17021223410449296
497 -5.165925059466359e-15 0.0 0.22694964547265603
498 0.1702122341044885 4.370430105967829e-15 0.1702122341044885
499 4.370430105967829e-15 0.1702122341044885 0.1702122341044885
