0 0.0 0.0 -0.22694964547266513
1 -0.11347482273633257 -0.11347482273633257 -0.11347482273633257
2 -0.17021223410449984 -1.955192415827713e-15 -0.17021223410449984
3 0.0 5.92308290677219e-15 -0.22694964547266513
4 -0.17021223410449884 -3.948721937848127e-15 -0.17021223410449884
5 0.0 0.0 -0.22694964547266713
6 -0.17021223410449787 5.884745800579489e-15 -0.17021223410449787
7 0.0 -8.836702977417409e-15 -0.22694964547266414
8 -0.17021223410449787 5.884745800579489e-15 -0.17021223410449787
9 0.0 -1.5392348136369152e-14 -0.22694964547266638
10 -0.1702122341045001 1.0274344459643669e-14 -0.1702122341045001
11 0.0 -1.5392348136369152e-14 -0.22694964547266638
12 -0.1702122341045001 1.0274344459643669e-14 -0.1702122341045001
13 0.0 0.17021223410449296 -0.17021223410449687
14 -1.955192415827713e-15 -0.17021223410449984 -0.17021223410449984
15 5.92308290677219e-15 0.0 -0.22694964547266513
16 -1.955192415827713e-15 -1.955192415827713e-15 -0.22694964547266713
17 4.945486698858333e-15 4.926318145761983e-15 -0.2269496454726651
18 -1.9647766923758883e-15 -4.907149592665633e-15 -0.2269496454726661
19 3.900800555107251e-15 0.0 -0.2269496454726671
20 -9.584276548175064e-16 8.836702977417409e-15 -0.2269496454726651
21 4.159576021907978e-15 -9.076309891121786e-15 -0.2269496454726641
22 -9.584276548175064e-16 8.836702977417409e-15 -0.2269496454726651
23 4.40876721216053e-15 -1.7893844315442844e-14 -0.22694964547266638
24 -2.1947993295320897e-15 1.6657472640728263e-14 -0.22694964547266736
25 4.40876721216053e-15 -1.7893844315442844e-14 -0.22694964547266638
26 -2.1947993295320897e-15 1.6657472640728263e-14 -0.22694964547266736
27 3.1915640905422963e-15 0.17021223410449174 -0.17021223410449682
28 -3.948721937848127e-15 -0.17021223410449884 -0.17021223410449884
29 0.0 0.0 -0.22694964547266713
30 -4.907149592665633e-15 -1.9647766923758883e-15 -0.2269496454726661
31 0.0 3.900800555107251e-15 -0.2269496454726671
32 -4.926318145761983e-15 -4.945486698858333e-15 -0.2269496454726651
33 0.0 0.0 -0.2269496454726691
34 -4.159576021907978e-15 9.076309891121786e-15 -0.2269496454726641
35 0.0 -8.836702977417409e-15 -0.2269496454726661
36 -4.159576021907978e-15 9.076309891121786e-15 -0.2269496454726641
37 0.0 -1.788426003889467e-14 -0.22694964547266835
38 -4.40876721216053e-15 1.7893844315442844e-14 -0.22694964547266638
39 0.0 -1.788426003889467e-14 -0.22694964547266835
40 -4.40876721216053e-15 1.7893844315442844e-14 -0.22694964547266638
41 0.0 0.17021223410449296 -0.17021223410449882
42 5.884745800579489e-15 -0.17021223410449787 -0.17021223410449787
43 -8.836702977417409e-15 0.0 -0.22694964547266414
44 8.836702977417409e-15 -9.584276548175064e-16 -0.2269496454726651
45 -9.076309891121786e-15 4.159576021907978e-15 -0.2269496454726641
46 9.076309891121786e-15 -4.159576021907978e-15 -0.2269496454726641
47 -8.836702977417409e-15 0.0 -0.2269496454726661
48 8.07954513011158e-15 8.07954513011158e-15 -0.2269496454726631
49 -8.07954513011158e-15 -8.07954513011158e-15 -0.2269496454726631
50 8.07954513011158e-15 8.07954513011158e-15 -0.2269496454726631
51 -8.558758957520332e-15 -1.6628719811083737e-14 -0.22694964547266538
52 8.558758957520332e-15 1.6628719811083737e-14 -0.22694964547266538
53 -8.558758957520332e-15 -1.6628719811083737e-14 -0.22694964547266538
54 8.558758957520332e-15 1.6628719811083737e-14 -0.22694964547266538
55 -5.12758795327366e-15 0.17021223410449074 -0.17021223410449582
56 5.884745800579489e-15 -0.17021223410449787 -0.17021223410449787
57 -1.5392348136369152e-14 0.0 -0.22694964547266638
58 8.836702977417409e-15 -9.584276548175064e-16 -0.2269496454726651
59 -1.7893844315442844e-14 4.40876721216053e-15 -0.22694964547266638
60 9.076309891121786e-15 -4.159576021907978e-15 -0.2269496454726641
61 -1.788426003889467e-14 0.0 -0.22694964547266835
62 8.07954513011158e-15 8.07954513011158e-15 -0.2269496454726631
63 -1.6628719811083737e-14 -8.558758957520332e-15 -0.22694964547266538
64 8.07954513011158e-15 8.07954513011158e-15 -0.2269496454726631
65 -1.6647888364180087e-14 -1.6628719811083737e-14 -0.2269496454726676
66 8.558758957520332e-15 1.6628719811083737e-14 -0.22694964547266538
67 -1.6647888364180087e-14 -1.6628719811083737e-14 -0.2269496454726676
68 8.558758957520332e-15 1.6628719811083737e-14 -0.22694964547266538
69 -1.0264760183095493e-14 0.1702122341044937 -0.1702122341044981
70 1.0274344459643669e-14 -0.1702122341045001 -0.1702122341045001
71 -1.5392348136369152e-14 0.0 -0.22694964547266638
72 1.6657472640728263e-14 -2.1947993295320897e-15 -0.22694964547266736
73 -1.7893844315442844e-14 4.40876721216053e-15 -0.22694964547266638
74 1.7893844315442844e-14 -4.40876721216053e-15 -0.22694964547266638
75 -1.788426003889467e-14 0.0 -0.22694964547266835
76 1.6628719811083737e-14 8.558758957520332e-15 -0.22694964547266538
77 -1.6628719811083737e-14 -8.558758957520332e-15 -0.22694964547266538
78 1.6628719811083737e-14 8.558758957520332e-15 -0.22694964547266538
79 -1.6647888364180087e-14 -1.6628719811083737e-14 -0.2269496454726676
80 1.6628719811083737e-14 1.6647888364180087e-14 -0.2269496454726676
81 -1.6647888364180087e-14 -1.6628719811083737e-14 -0.2269496454726676
82 1.6628719811083737e-14 1.6647888364180087e-14 -0.2269496454726676
83 -1.0264760183095493e-14 0.1702122341044937 -0.1702122341044981
84 1.0274344459643669e-14 -0.1702122341045001 -0.1702122341045001
85 0.17021223410449296 0.0 -0.17021223410449687
86 1.6657472640728263e-14 -2.1947993295320897e-15 -0.22694964547266736
87 0.17021223410449174 3.1915640905422963e-15 -0.17021223410449682
88 1.7893844315442844e-14 -4.40876721216053e-15 -0.22694964547266638
89 0.17021223410449296 0.0 -0.17021223410449882
90 1.6628719811083737e-14 8.558758957520332e-15 -0.22694964547266538
91 0.17021223410449074 -5.12758795327366e-15 -0.17021223410449582
92 1.6628719811083737e-14 8.558758957520332e-15 -0.22694964547266538
93 0.1702122341044937 -1.0264760183095493e-14 -0.1702122341044981
94 1.6628719811083737e-14 1.6647888364180087e-14 -0.2269496454726676
95 0.1702122341044937 -1.0264760183095493e-14 -0.1702122341044981
96 1.6628719811083737e-14 1.6647888364180087e-14 -0.2269496454726676
97 0.1134748227363264 0.1134748227363264 -0.11347482273632857
98 -1.1031502306949499e-14 1.1031502306949499e-14 0.0
99 1.1031502306949499e-14 -1.1031502306949499e-14 0.0
100 6.392712457632768e-15 2.303101654526468e-14 0.0
101 -3.172395537445946e-15 -2.1794644870550097e-14 0.0
102 -1.1031502306949499e-14 1.1031502306949499e-14 0.0
103 1.1529884687454602e-14 -2.176589204090557e-14 0.0
104 0.0 2.0529520366190987e-14 0.0
105 -0.17021223410449687 0.17021223410449296 0.0
106 -1.1529884687454602e-14 2.176589204090557e-14 0.0
107 1.1529884687454602e-14 -2.176589204090557e-14 0.0
108 6.392712457632768e-15 2.303101654526468e-14 0.0
109 -1.945608139279538e-15 0.22694964547265728 0.0
110 -1.1529884687454602e-14 2.176589204090557e-14 0.0
111 8.07954513011158e-15 0.22694964547265503 0.0
112 0.0 1.175032304806263e-14 0.0
113 -0.22694964547266414 -8.836702977417409e-15 0.0
114 -1.5392348136369152e-14 -0.22694964547266638 0.0
115 1.175032304806263e-14 0.0 0.0
116 0.0 -0.22694964547266713 0.0
117 -7.897443875696253e-15 0.0 0.0
118 -2.1794644870550097e-14 -3.172395537445946e-15 0.0
119 1.1989929961767005e-14 6.124352714283866e-15 0.0
120 5.92308290677219e-15 -0.22694964547266513 0.0
121 -3.910384831655426e-15 0.0 0.0
122 -2.303101654526468e-14 -6.392712457632768e-15 0.0
123 1.175032304806263e-14 0.0 -1.916855309635013e-17
124 0.0 -1.936023862731363e-15 -1.916855309635013e-17
125 -6.900679114686046e-15 6.900679114686046e-15 0.0
126 -2.176589204090557e-14 1.1529884687454602e-14 0.0
127 1.1031502306949499e-14 -1.1031502306949499e-14 0.0
128 -0.22694964547266513 0.0 0.0
129 0.0 -0.22694964547266513 0.0
130 -2.176589204090557e-14 1.1529884687454602e-14 0.0
131 1.1529884687454602e-14 -2.176589204090557e-14 0.0
132 0.0 -5.9039143536758395e-15 -1.916855309635013e-17
133 -5.9039143536758395e-15 0.0 -1.916855309635013e-17
134 -2.176589204090557e-14 2.176589204090557e-14 0.0
135 1.1529884687454602e-14 -2.176589204090557e-14 0.0
136 6.900679114686046e-15 -2.961541453386095e-15 0.0
137 -2.961541453386095e-15 6.900679114686046e-15 0.0
138 -2.176589204090557e-14 2.176589204090557e-14 0.0
139 8.07954513011158e-15 0.22694964547265503 0.0
140 0.0 1.175032304806263e-14 -1.916855309635013e-17
141 -6.124352714283866e-15 -1.1989929961767005e-14 0.0
142 -1.5392348136369152e-14 -0.22694964547266638 0.0
143 2.0529520366190987e-14 0.0 0.0
144 0.0 1.175032304806263e-14 0.0
145 -0.22694964547266638 -1.5392348136369152e-14 0.0
146 -2.1794644870550097e-14 -3.172395537445946e-15 0.0
147 2.303101654526468e-14 6.392712457632768e-15 0.0
148 0.0 1.175032304806263e-14 -1.916855309635013e-17
149 -6.392712457632768e-15 -2.303101654526468e-14 0.0
150 -2.303101654526468e-14 -6.392712457632768e-15 0.0
151 2.3021432268716503e-14 0.0 0.0
152 6.900679114686046e-15 -6.900679114686046e-15 0.0
153 -1.936023862731363e-15 0.0 -1.916855309635013e-17
154 -2.176589204090557e-14 1.1529884687454602e-14 0.0
155 2.176589204090557e-14 -1.1529884687454602e-14 0.0
156 0.0 2.3021432268716503e-14 0.0
157 -6.392712457632768e-15 -2.303101654526468e-14 0.0
158 -2.176589204090557e-14 1.1529884687454602e-14 0.0
159 2.176589204090557e-14 -2.176589204090557e-14 0.0
160 0.0 -7.897443875696253e-15 0.0
161 -0.22694964547266713 0.0 0.0
162 -2.176589204090557e-14 2.176589204090557e-14 0.0
163 2.176589204090557e-14 -2.176589204090557e-14 0.0
164 0.0 2.3021432268716503e-14 0.0
165 -5.165925059466359e-15 0.22694964547265603 0.0
166 -2.176589204090557e-14 2.176589204090557e-14 0.0
167 1.5401932412917328e-14 0.226949645472658 0.0
168 6.124352714283866e-15 1.1989929961767005e-14 0.0
169 -1.945608139279538e-15 -1.175032304806263e-14 0.0
170 0.17021223410449296 -0.17021223410449687 0.0
171 2.0529520366190987e-14 0.0 0.0
172 -8.836702977417409e-15 -0.22694964547266414 0.0
173 1.175032304806263e-14 0.0 0.0
174 0.22694964547265728 -1.945608139279538e-15 0.0
175 2.303101654526468e-14 6.392712457632768e-15 0.0
176 0.0 2.0529520366190987e-14 0.0
177 -0.22694964547266638 -1.5392348136369152e-14 0.0
178 0.22694964547265603 -5.165925059466359e-15 0.0
179 2.3021432268716503e-14 0.0 0.0
180 -1.175032304806263e-14 -1.945608139279538e-15 0.0
181 1.1989929961767005e-14 6.124352714283866e-15 0.0
182 0.22694964547265503 8.07954513011158e-15 0.0
183 2.176589204090557e-14 -1.1529884687454602e-14 0.0
184 6.124352714283866e-15 1.1989929961767005e-14 0.0
185 -3.172395537445946e-15 -2.1794644870550097e-14 0.0
186 0.22694964547265503 8.07954513011158e-15 0.0
187 2.176589204090557e-14 -2.176589204090557e-14 0.0
188 -1.1989929961767005e-14 -6.124352714283866e-15 0.0
189 1.175032304806263e-14 0.0 -1.916855309635013e-17
190 0.226949645472658 1.5401932412917328e-14 0.0
191 2.176589204090557e-14 -2.176589204090557e-14 0.0
192 0.0 -3.910384831655426e-15 0.0
193 -0.22694964547266513 5.92308290677219e-15 0.0
194 0.226949645472658 1.5401932412917328e-14 0.0
195 1.5401932412917328e-14 0.226949645472658 0.0
196 1.1031502306949499e-14 1.1031502306949499e-14 3.833710619270026e-17
197 -2.299267943907198e-14 -2.299267943907198e-14 -2.4344062432364663e-15
198 -4.907149592665633e-15 -0.2269496454726661 -1.9647766923758883e-15
199 0.0 0.0 -1.936023862731363e-15
200 -0.22694964547266736 1.6657472640728263e-14 -2.1947993295320897e-15
201 0.0 0.22694964547265728 -1.945608139279538e-15
202 1.1529884687454602e-14 2.299267943907198e-14 -1.188450291973708e-15
203 -2.299267943907198e-14 -2.299267943907198e-14 -2.4344062432364663e-15
204 1.175032304806263e-14 -9.488433782693313e-16 -9.488433782693313e-16
205 -1.1989929961767005e-14 5.118003676725484e-15 -9.680119313656815e-16
206 -0.2269496454726651 8.836702977417409e-15 -9.584276548175064e-16
207 0.0 -2.1794644870550097e-14 -3.172395537445946e-15
208 1.1529884687454602e-14 2.299267943907198e-14 -1.188450291973708e-15
209 -1.6628719811083737e-14 0.226949645472658 -1.207618845070058e-15
210 -5.9039143536758395e-15 -1.9647766923758883e-15 -1.955192415827713e-15
211 0.0 4.897565316117458e-15 -9.775962079138566e-16
212 1.1989929961767005e-14 -5.118003676725484e-15 -9.680119313656815e-16
213 -1.175032304806263e-14 0.0 2.8752829644525195e-17
214 1.6657472640728263e-14 -0.22694964547266736 -2.1947993295320897e-15
215 -2.1794644870550097e-14 0.0 -3.172395537445946e-15
216 -9.584276548175064e-16 1.175032304806263e-14 -9.488433782693313e-16
217 5.118003676725484e-15 -1.1989929961767005e-14 -9.680119313656815e-16
218 -0.22694964547266713 -1.955192415827713e-15 -1.955192415827713e-15
219 0.0 6.900679114686046e-15 -2.9519571768379198e-15
220 2.3021432268716503e-14 -2.1852150529839146e-15 -2.1852150529839146e-15
221 -2.4257803943431087e-14 5.386363420074386e-15 -2.204383606080265e-15
222 1.1031502306949499e-14 1.1031502306949499e-14 3.833710619270026e-17
223 -1.1031502306949499e-14 -1.1031502306949499e-14 3.833710619270026e-17
224 -5.9039143536758395e-15 -5.9039143536758395e-15 -1.9743609689240634e-15
225 0.0 0.0 3.833710619270026e-17
226 2.4257803943431087e-14 -5.386363420074386e-15 -2.204383606080265e-15
227 -2.4248219666882912e-14 0.0 -1.198034568521883e-15
228 -1.955192415827713e-15 -0.22694964547266713 -1.955192415827713e-15
229 6.900679114686046e-15 0.0 -2.9519571768379198e-15
230 1.1031502306949499e-14 1.1031502306949499e-14 3.833710619270026e-17
231 -1.1529884687454602e-14 -2.299267943907198e-14 -1.188450291973708e-15
232 2.299267943907198e-14 1.1529884687454602e-14 -1.188450291973708e-15
233 -2.299267943907198e-14 -1.1529884687454602e-14 -1.188450291973708e-15
234 -9.488433782693313e-16 1.175032304806263e-14 -9.488433782693313e-16
235 5.386363420074386e-15 -2.4257803943431087e-14 -2.204383606080265e-15
236 -5.118003676725484e-15 1.1989929961767005e-14 -9.680119313656815e-16
237 0.0 -1.175032304806263e-14 2.8752829644525195e-17
238 2.299267943907198e-14 1.1529884687454602e-14 -1.188450291973708e-15
239 -2.299267943907198e-14 -2.299267943907198e-14 -2.4344062432364663e-15
240 1.1529884687454602e-14 2.299267943907198e-14 -1.188450291973708e-15
241 -1.1529884687454602e-14 -2.299267943907198e-14 -1.188450291973708e-15
242 -0.2269496454726651 8.836702977417409e-15 -9.584276548175064e-16
243 0.0 -1.175032304806263e-14 -1.945608139279538e-15
244 2.299267943907198e-14 2.299267943907198e-14 -2.4344062432364663e-15
245 -2.299267943907198e-14 -2.299267943907198e-14 -2.4344062432364663e-15
246 -0.22694964547266736 1.6657472640728263e-14 -2.1947993295320897e-15
247 0.0 -2.1794644870550097e-14 -3.172395537445946e-15
248 1.1529884687454602e-14 2.299267943907198e-14 -1.188450291973708e-15
249 -8.07954513011158e-15 0.22694964547265503 3.833710619270026e-17
250 2.299267943907198e-14 2.299267943907198e-14 -2.4344062432364663e-15
251 -1.6628719811083737e-14 0.226949645472658 -1.207618845070058e-15
252 -5.118003676725484e-15 1.1989929961767005e-14 -9.680119313656815e-16
253 0.0 -2.4248219666882912e-14 -1.198034568521883e-15
254 -2.1852150529839146e-15 2.3021432268716503e-14 -2.1852150529839146e-15
255 5.386363420074386e-15 -2.4257803943431087e-14 -2.204383606080265e-15
256 1.6657472640728263e-14 -0.22694964547266736 -2.1947993295320897e-15
257 0.22694964547265728 0.0 -1.945608139279538e-15
258 8.836702977417409e-15 -0.2269496454726651 -9.584276548175064e-16
259 -2.1794644870550097e-14 0.0 -3.172395537445946e-15
260 -1.955192415827713e-15 -1.955192415827713e-15 -1.936023862731363e-15
261 5.9039143536758395e-15 5.9039143536758395e-15 -1.9743609689240634e-15
262 2.3021432268716503e-14 -2.1852150529839146e-15 -2.1852150529839146e-15
263 0.22694964547265603 4.159576021907978e-15 -9.775962079138566e-16
264 -5.386363420074386e-15 2.4257803943431087e-14 -2.204383606080265e-15
265 0.0 -2.4248219666882912e-14 -1.198034568521883e-15
266 1.175032304806263e-14 -9.488433782693313e-16 -9.488433782693313e-16
267 -2.4257803943431087e-14 5.386363420074386e-15 -2.204383606080265e-15
268 2.4257803943431087e-14 -5.386363420074386e-15 -2.204383606080265e-15
269 0.22694964547265728 0.0 2.8752829644525195e-17
270 -0.2269496454726661 -4.907149592665633e-15 -1.9647766923758883e-15
271 0.0 0.0 -1.936023862731363e-15
272 -2.1852150529839146e-15 2.3021432268716503e-14 -2.1852150529839146e-15
273 4.159576021907978e-15 0.22694964547265603 -9.775962079138566e-16
274 2.299267943907198e-14 1.1529884687454602e-14 -1.188450291973708e-15
275 0.22694964547265503 -8.07954513011158e-15 3.833710619270026e-17
276 1.1989929961767005e-14 -5.118003676725484e-15 -9.680119313656815e-16
277 -2.4248219666882912e-14 0.0 -1.198034568521883e-15
278 -5.386363420074386e-15 2.4257803943431087e-14 -2.204383606080265e-15
279 0.0 0.22694964547265728 2.8752829644525195e-17
280 2.299267943907198e-14 1.1529884687454602e-14 -1.188450291973708e-15
281 0.226949645472658 -1.6628719811083737e-14 -1.207618845070058e-15
282 0.0 0.0 -3.910384831655426e-15
283 -0.17021223410449984 -0.17021223410449984 -1.955192415827713e-15
284 1.1031502306949499e-14 1.1031502306949499e-14 3.833710619270026e-17
285 -2.299267943907198e-14 -1.1529884687454602e-14 -1.188450291973708e-15
286 2.299267943907198e-14 2.299267943907198e-14 -2.4344062432364663e-15
287 0.226949645472658 -1.6628719811083737e-14 -1.207618845070058e-15
288 -1.9647766923758883e-15 -5.9039143536758395e-15 -1.955192415827713e-15
289 4.897565316117458e-15 0.0 -9.775962079138566e-16
290 8.836702977417409e-15 -0.2269496454726651 -9.584276548175064e-16
291 -1.175032304806263e-14 0.0 -1.945608139279538e-15
292 2.299267943907198e-14 2.299267943907198e-14 -2.4344062432364663e-15
293 0.17021223410449074 0.17021223410449074 1.916855309635013e-17
294 -2.4257803943431087e-14 -2.204383606080265e-15 5.386363420074386e-15
295 2.5494175618145672e-14 5.376779143526211e-15 5.376779143526211e-15
296 -1.1769491601158979e-14 2.4229051113786564e-14 4.619621296220381e-15
297 8.319152043815956e-15 0.22694964547265378 3.392833898053973e-15
298 0.0 -9.680119313656815e-16 4.897565316117458e-15
299 -5.9039143536758395e-15 5.9039143536758395e-15 5.94225145986854e-15
300 0.0 2.303101654526468e-14 6.392712457632768e-15
301 -0.17021223410449682 0.17021223410449174 3.1915640905422963e-15
302 -2.5494175618145672e-14 -5.376779143526211e-15 5.376779143526211e-15
303 2.5484591341597496e-14 0.0 4.380014382516005e-15
304 0.0 -2.9519571768379198e-15 6.900679114686046e-15
305 -0.2269496454726651 4.926318145761983e-15 4.945486698858333e-15
306 -1.7893844315442844e-14 -0.22694964547266638 4.40876721216053e-15
307 1.1989929961767005e-14 0.0 6.124352714283866e-15
308 -9.076309891121786e-15 -0.2269496454726641 4.159576021907978e-15
309 1.1989929961767005e-14 0.0 6.124352714283866e-15
310 -2.4229051113786564e-14 1.1769491601158979e-14 4.619621296220381e-15
311 2.4229051113786564e-14 -1.1769491601158979e-14 4.619621296220381e-15
312 -0.22694964547266513 0.0 5.92308290677219e-15
313 0.0 -0.22694964547266513 5.92308290677219e-15
314 0.0 -4.878396763021108e-15 4.897565316117458e-15
315 -4.878396763021108e-15 0.0 4.897565316117458e-15
316 -2.4257803943431087e-14 -2.204383606080265e-15 5.386363420074386e-15
317 1.2267873981664082e-14 5.14675650637001e-15 5.14675650637001e-15
318 -2.4229051113786564e-14 1.1769491601158979e-14 4.619621296220381e-15
319 2.4229051113786564e-14 -2.4229051113786564e-14 4.8688124864729326e-15
320 5.376779143526211e-15 2.5494175618145672e-14 5.376779143526211e-15
321 -2.204383606080265e-15 -2.4257803943431087e-14 5.386363420074386e-15
322 -1.1989929961767005e-14 -9.680119313656815e-16 5.118003676725484e-15
323 1.2267873981664082e-14 5.14675650637001e-15 5.14675650637001e-15
324 5.9039143536758395e-15 -5.9039143536758395e-15 5.94225145986854e-15
325 -9.680119313656815e-16 0.0 4.897565316117458e-15
326 -2.4229051113786564e-14 2.4229051113786564e-14 4.8688124864729326e-15
327 2.4229051113786564e-14 -2.4229051113786564e-14 4.8688124864729326e-15
328 -2.5494175618145672e-14 -5.376779143526211e-15 5.376779143526211e-15
329 1.1989929961767005e-14 0.0 4.111654639167103e-15
330 0.0 2.303101654526468e-14 6.392712457632768e-15
331 -0.22694964547266638 -1.7893844315442844e-14 4.40876721216053e-15
332 0.0 1.1989929961767005e-14 4.111654639167103e-15
333 -5.14675650637001e-15 -1.2267873981664082e-14 5.14675650637001e-15
334 -2.4229051113786564e-14 2.4229051113786564e-14 4.8688124864729326e-15
335 1.786509148579832e-14 0.22694964547265678 3.661193641402875e-15
336 -1.2267873981664082e-14 -5.14675650637001e-15 5.14675650637001e-15
337 1.1989929961767005e-14 0.0 4.111654639167103e-15
338 -2.4229051113786564e-14 1.1769491601158979e-14 4.619621296220381e-15
339 1.1271109220653875e-14 -1.1271109220653875e-14 4.370430105967829e-15
340 4.926318145761983e-15 -0.2269496454726651 4.945486698858333e-15
341 -2.9519571768379198e-15 0.0 6.900679114686046e-15
342 0.17021223410449174 -0.17021223410449682 3.1915640905422963e-15
343 2.303101654526468e-14 0.0 6.392712457632768e-15
344 5.376779143526211e-15 2.5494175618145672e-14 5.376779143526211e-15
345 -9.775962079138566e-16 0.22694964547265603 4.159576021907978e-15
346 0.0 -6.900679114686046e-15 6.900679114686046e-15
347 -0.2269496454726671 0.0 3.900800555107251e-15
348 -2.4229051113786564e-14 1.1769491601158979e-14 4.619621296220381e-15
349 1.1769491601158979e-14 -2.4229051113786564e-14 4.619621296220381e-15
350 0.22694964547265603 -9.775962079138566e-16 4.159576021907978e-15
351 2.5494175618145672e-14 5.376779143526211e-15 5.376779143526211e-15
352 -1.1271109220653875e-14 1.1271109220653875e-14 4.370430105967829e-15
353 1.1271109220653875e-14 -1.1271109220653875e-14 4.370430105967829e-15
354 0.0 1.1989929961767005e-14 4.111654639167103e-15
355 -5.376779143526211e-15 -2.5494175618145672e-14 5.376779143526211e-15
356 5.14675650637001e-15 1.2267873981664082e-14 5.14675650637001e-15
357 -9.680119313656815e-16 -1.1989929961767005e-14 5.118003676725484e-15
358 0.22694964547265478 -4.169160298456153e-15 4.1499917453598025e-15
359 2.5484591341597496e-14 0.0 4.380014382516005e-15
360 -2.4229051113786564e-14 2.4229051113786564e-14 4.8688124864729326e-15
361 1.1769491601158979e-14 -2.4229051113786564e-14 4.619621296220381e-15
362 0.0 1.1989929961767005e-14 6.124352714283866e-15
363 -0.22694964547266638 -1.7893844315442844e-14 4.40876721216053e-15
364 -1.1271109220653875e-14 1.1271109220653875e-14 4.370430105967829e-15
365 1.1769491601158979e-14 -2.4229051113786564e-14 4.619621296220381e-15
366 0.22694964547265378 8.319152043815956e-15 3.392833898053973e-15
367 2.4229051113786564e-14 -1.1769491601158979e-14 4.619621296220381e-15
368 0.0 -0.2269496454726671 3.900800555107251e-15
369 -6.900679114686046e-15 0.0 6.900679114686046e-15
370 -2.4229051113786564e-14 2.4229051113786564e-14 4.8688124864729326e-15
371 8.319152043815956e-15 0.22694964547265378 3.392833898053973e-15
372 0.0 2.5484591341597496e-14 4.380014382516005e-15
373 -5.376779143526211e-15 -2.5494175618145672e-14 5.376779143526211e-15
374 0.22694964547265378 8.319152043815956e-15 3.392833898053973e-15
375 2.4229051113786564e-14 -2.4229051113786564e-14 4.8688124864729326e-15
376 0.0 1.1989929961767005e-14 6.124352714283866e-15
377 -0.2269496454726641 -9.076309891121786e-15 4.159576021907978e-15
378 -1.1769491601158979e-14 2.4229051113786564e-14 4.619621296220381e-15
379 1.1769491601158979e-14 -2.4229051113786564e-14 4.619621296220381e-15
380 -1.7893844315442844e-14 -0.22694964547266638 4.40876721216053e-15
381 2.303101654526468e-14 0.0 6.392712457632768e-15
382 0.22694964547265678 1.786509148579832e-14 3.661193641402875e-15
383 2.4229051113786564e-14 -2.4229051113786564e-14 4.8688124864729326e-15
384 5.884745800579489e-15 -1.9743609689240634e-15 5.9039143536758395e-15
385 -1.9743609689240634e-15 5.884745800579489e-15 5.9039143536758395e-15
386 5.14675650637001e-15 1.2267873981664082e-14 5.14675650637001e-15
387 -2.204383606080265e-15 -2.4257803943431087e-14 5.386363420074386e-15
388 0.0 2.5484591341597496e-14 4.380014382516005e-15
389 -4.169160298456153e-15 0.22694964547265478 4.1499917453598025e-15
390 0.22694964547265678 1.786509148579832e-14 3.661193641402875e-15
391 1.786509148579832e-14 0.22694964547265678 3.661193641402875e-15
392 -0.22694964547266638 1.7893844315442844e-14 -4.40876721216053e-15
393 0.0 0.22694964547265603 -5.165925059466359e-15
394 -0.2269496454726641 9.076309891121786e-15 -4.159576021907978e-15
395 0.0 -1.1989929961767005e-14 -6.124352714283866e-15
396 1.1271109220653875e-14 1.1232772114461175e-14 -4.370430105967829e-15
397 -2.4229051113786564e-14 -1.1769491601158979e-14 -4.619621296220381e-15
398 2.4229051113786564e-14 1.1769491601158979e-14 -4.619621296220381e-15
399 -2.4229051113786564e-14 -2.4229051113786564e-14 -4.8688124864729326e-15
400 -9.680119313656815e-16 1.1989929961767005e-14 -5.118003676725484e-15
401 5.1563407829181846e-15 -1.2267873981664082e-14 -5.137172229821834e-15
402 1.1232772114461175e-14 1.1271109220653875e-14 -4.370430105967829e-15
403 -1.1769491601158979e-14 -2.4229051113786564e-14 -4.619621296220381e-15
404 -5.386363420074386e-15 2.5494175618145672e-14 -5.386363420074386e-15
405 0.0 0.22694964547265603 -3.1532269843495963e-15
406 -5.94225145986854e-15 -5.94225145986854e-15 -5.9039143536758395e-15
407 0.0 0.0 -3.891216278559076e-15
408 2.4229051113786564e-14 2.4229051113786564e-14 -4.8688124864729326e-15
409 -2.4229051113786564e-14 -2.4229051113786564e-14 -4.8688124864729326e-15
410 1.1271109220653875e-14 1.1232772114461175e-14 -4.370430105967829e-15
411 -2.4229051113786564e-14 -2.4229051113786564e-14 -4.8688124864729326e-15
412 -1.9647766923758883e-15 -1.9647766923758883e-15 -5.9039143536758395e-15
413 5.94225145986854e-15 5.94225145986854e-15 -5.9039143536758395e-15
414 -2.204383606080265e-15 2.4257803943431087e-14 -5.386363420074386e-15
415 4.159576021907978e-15 0.22694964547265478 -4.169160298456153e-15
416 1.1769491601158979e-14 2.4229051113786564e-14 -4.619621296220381e-15
417 -1.1769491601158979e-14 -2.4229051113786564e-14 -4.619621296220381e-15
418 2.4229051113786564e-14 2.4229051113786564e-14 -4.8688124864729326e-15
419 -1.786509148579832e-14 0.22694964547265678 -3.661193641402875e-15
420 -0.22694964547266638 1.7893844315442844e-14 -4.40876721216053e-15
421 0.0 -2.303101654526468e-14 -6.392712457632768e-15
422 1.1769491601158979e-14 2.4229051113786564e-14 -4.619621296220381e-15
423 -2.4229051113786564e-14 -2.4229051113786564e-14 -4.8688124864729326e-15
424 9.076309891121786e-15 -0.2269496454726641 -4.159576021907978e-15
425 -1.1989929961767005e-14 0.0 -6.124352714283866e-15
426 -0.2269496454726641 9.076309891121786e-15 -4.159576021907978e-15
427 0.0 -2.303101654526468e-14 -6.392712457632768e-15
428 1.7893844315442844e-14 -0.22694964547266638 -4.40876721216053e-15
429 0.22694964547265603 0.0 -5.165925059466359e-15
430 -5.1563407829181846e-15 1.2267873981664082e-14 -5.137172229821834e-15
431 0.0 -1.1989929961767005e-14 -4.111654639167103e-15
432 1.1769491601158979e-14 2.4229051113786564e-14 -4.619621296220381e-15
433 -8.319152043815956e-15 0.22694964547265378 -3.392833898053973e-15
434 1.1769491601158979e-14 2.4229051113786564e-14 -4.619621296220381e-15
435 -1.786509148579832e-14 0.22694964547265678 -3.661193641402875e-15
436 -0.2269496454726661 -1.9647766923758883e-15 -4.907149592665633e-15
437 0.0 6.900679114686046e-15 -6.900679114686046e-15
438 2.4257803943431087e-14 -2.204383606080265e-15 -5.386363420074386e-15
439 0.22694964547265478 4.159576021907978e-15 -4.169160298456153e-15
440 -9.680119313656815e-16 1.1989929961767005e-14 -5.118003676725484e-15
441 5.386363420074386e-15 -2.5494175618145672e-14 -5.386363420074386e-15
442 1.1989929961767005e-14 -9.680119313656815e-16 -5.118003676725484e-15
443 -1.2267873981664082e-14 5.1563407829181846e-15 -5.137172229821834e-15
444 -4.945486698858333e-15 -0.2269496454726651 -4.926318145761983e-15
445 0.0 0.0 -5.9039143536758395e-15
446 1.7893844315442844e-14 -0.22694964547266638 -4.40876721216053e-15
447 -2.303101654526468e-14 0.0 -6.392712457632768e-15
448 2.5494175618145672e-14 -5.386363420074386e-15 -5.386363420074386e-15
449 0.22694964547265603 0.0 -3.1532269843495963e-15
450 9.076309891121786e-15 -0.2269496454726641 -4.159576021907978e-15
451 -2.303101654526468e-14 0.0 -6.392712457632768e-15
452 -1.9647766923758883e-15 -0.2269496454726661 -4.907149592665633e-15
453 6.900679114686046e-15 0.0 -6.900679114686046e-15
454 -5.1563407829181846e-15 1.2267873981664082e-14 -5.137172229821834e-15
455 0.0 -2.5484591341597496e-14 -4.380014382516005e-15
456 -1.9743609689240634e-15 -5.9039143536758395e-15 -5.884745800579489e-15
457 4.897565316117458e-15 0.0 -4.878396763021108e-15
458 2.4229051113786564e-14 1.1769491601158979e-14 -4.619621296220381e-15
459 0.22694964547265378 -8.319152043815956e-15 -3.392833898053973e-15
460 2.4257803943431087e-14 -2.204383606080265e-15 -5.386363420074386e-15
461 -2.5494175618145672e-14 5.386363420074386e-15 -5.386363420074386e-15
462 1.2267873981664082e-14 -5.1563407829181846e-15 -5.137172229821834e-15
463 -1.1989929961767005e-14 0.0 -4.111654639167103e-15
464 1.1989929961767005e-14 -9.680119313656815e-16 -5.118003676725484e-15
465 -2.5494175618145672e-14 5.386363420074386e-15 -5.386363420074386e-15
466 -0.2269496454726651 -4.945486698858333e-15 -4.926318145761983e-15
467 0.0 0.0 -5.9039143536758395e-15
468 2.4229051113786564e-14 1.1769491601158979e-14 -4.619621296220381e-15
469 0.22694964547265678 -1.786509148579832e-14 -3.661193641402875e-15
470 0.0 0.0 -7.897443875696253e-15
471 -0.17021223410449884 -0.17021223410449884 -3.948721937848127e-15
472 2.5494175618145672e-14 -5.386363420074386e-15 -5.386363420074386e-15
473 -2.5484591341597496e-14 0.0 -4.380014382516005e-15
474 -5.9039143536758395e-15 -1.9743609689240634e-15 -5.884745800579489e-15
475 0.0 4.897565316117458e-15 -4.878396763021108e-15
476 -5.386363420074386e-15 2.5494175618145672e-14 -5.386363420074386e-15
477 0.0 -2.5484591341597496e-14 -4.380014382516005e-15
478 2.4229051113786564e-14 2.4229051113786564e-14 -4.8688124864729326e-15
479 0.22694964547265678 -1.786509148579832e-14 -3.661193641402875e-15
480 1.2267873981664082e-14 -5.1563407829181846e-15 -5.137172229821834e-15
481 -2.5484591341597496e-14 0.0 -4.380014382516005e-15
482 1.1232772114461175e-14 1.1271109220653875e-14 -4.370430105967829e-15
483 -1.1232772114461175e-14 -1.1271109220653875e-14 -4.370430105967829e-15
484 2.4229051113786564e-14 1.1769491601158979e-14 -4.619621296220381e-15
485 -2.4229051113786564e-14 -1.1769491601158979e-14 -4.619621296220381e-15
486 -2.204383606080265e-15 2.4257803943431087e-14 -5.386363420074386e-15
487 5.386363420074386e-15 -2.5494175618145672e-14 -5.386363420074386e-15
488 2.4229051113786564e-14 2.4229051113786564e-14 -4.8688124864729326e-15
489 0.1702122341044895 0.1702122341044895 -2.4344062432364663e-15
490 -2.421946683723839e-14 2.421946683723839e-14 0.0
491 2.421946683723839e-14 -2.421946683723839e-14 0.0
492 -1.1989929961767005e-14 -4.111654639167103e-15 0.0
493 1.175032304806263e-14 0.0 0.0
494 4.878396763021108e-15 -4.897565316117458e-15 0.0
495 3.833710619270026e-17 0.0 0.0
496 -1.788426003889467e-14 -0.22694964547266835 0.0
497 1.175032304806263e-14 0.0 0.0
498 0.0 -3.891216278559076e-15 0.0
499 -3.891216278559076e-15 0.0 0.0
500 -2.421946683723839e-14 2.421946683723839e-14 0.0
501 8.07954513011158e-15 0.22694964547265503 0.0
502 -2.421946683723839e-14 2.421946683723839e-14 0.0
503 1.7855507209250145e-14 0.226949645472658 0.0
504 4.111654639167103e-15 1.1989929961767005e-14 0.0
505 -1.198034568521883e-15 -2.4248219666882912e-14 0.0
506 0.0 2.3021432268716503e-14 0.0
507 -0.22694964547266835 -1.788426003889467e-14 0.0
508 0.0 -1.955192415827713e-15 0.0
509 -0.2269496454726671 3.900800555107251e-15 0.0
510 -1.1031502306949499e-14 1.1031502306949499e-14 0.0
511 1.1031502306949499e-14 -1.1031502306949499e-14 0.0
512 -2.4248219666882912e-14 -1.198034568521883e-15 0.0
513 1.1989929961767005e-14 4.111654639167103e-15 0.0
514 0.17021223410449296 -0.17021223410449882 0.0
515 2.3021432268716503e-14 0.0 0.0
516 -1.788426003889467e-14 -0.22694964547266835 0.0
517 2.3021432268716503e-14 0.0 0.0
518 0.0 2.547500706504932e-14 0.0
519 -3.1532269843495963e-15 0.22694964547265603 0.0
520 -0.22694964547266713 0.0 0.0
521 0.0 -0.22694964547266713 0.0
522 0.0 -0.2269496454726691 0.0
523 -5.9039143536758395e-15 0.0 0.0
524 0.0 1.175032304806263e-14 0.0
525 -4.111654639167103e-15 -1.1989929961767005e-14 0.0
526 0.22694964547265728 2.8752829644525195e-17 0.0
527 2.5484591341597496e-14 4.380014382516005e-15 0.0
528 4.897565316117458e-15 -9.680119313656815e-16 0.0
529 -9.680119313656815e-16 4.897565316117458e-15 0.0
530 -2.4248219666882912e-14 -1.198034568521883e-15 0.0
531 2.5484591341597496e-14 4.380014382516005e-15 0.0
532 -2.5484591341597496e-14 -4.380014382516005e-15 0.0
533 1.175032304806263e-14 0.0 0.0
534 -1.1031502306949499e-14 1.1031502306949499e-14 0.0
535 1.1529884687454602e-14 -2.421946683723839e-14 0.0
536 0.0 1.175032304806263e-14 0.0
537 -0.2269496454726661 -8.836702977417409e-15 0.0
538 0.22694964547265603 -3.1532269843495963e-15 0.0
539 2.547500706504932e-14 0.0 0.0
540 -8.836702977417409e-15 -0.2269496454726661 0.0
541 1.175032304806263e-14 0.0 0.0
542 4.380014382516005e-15 2.5484591341597496e-14 0.0
543 -1.198034568521883e-15 -2.4248219666882912e-14 0.0
544 -2.5484591341597496e-14 -4.380014382516005e-15 0.0
545 2.547500706504932e-14 0.0 0.0
546 4.111654639167103e-15 1.1989929961767005e-14 0.0
547 3.833710619270026e-17 -1.175032304806263e-14 0.0
548 -2.421946683723839e-14 1.1529884687454602e-14 0.0
549 1.1031502306949499e-14 -1.1031502306949499e-14 0.0
550 0.22694964547265503 8.07954513011158e-15 0.0
551 2.421946683723839e-14 -1.1529884687454602e-14 0.0
552 0.0 -5.9039143536758395e-15 0.0
553 -0.2269496454726691 0.0 0.0
554 -1.1529884687454602e-14 2.421946683723839e-14 0.0
555 1.1529884687454602e-14 -2.421946683723839e-14 0.0
556 0.0 1.175032304806263e-14 0.0
557 -4.380014382516005e-15 -2.5484591341597496e-14 0.0
558 -2.421946683723839e-14 1.1529884687454602e-14 0.0
559 2.421946683723839e-14 -1.1529884687454602e-14 0.0
560 0.0 4.792138274087532e-17 0.0
561 -4.897565316117458e-15 4.878396763021108e-15 0.0
562 0.22694964547265503 8.07954513011158e-15 0.0
563 2.421946683723839e-14 -2.421946683723839e-14 0.0
564 -1.175032304806263e-14 3.833710619270026e-17 0.0
565 1.1989929961767005e-14 4.111654639167103e-15 0.0
566 -2.421946683723839e-14 1.1529884687454602e-14 0.0
567 1.1529884687454602e-14 -2.421946683723839e-14 0.0
568 3.900800555107251e-15 -0.2269496454726671 0.0
569 -1.955192415827713e-15 0.0 0.0
570 0.0 1.175032304806263e-14 0.0
571 -0.22694964547266835 -1.788426003889467e-14 0.0
572 -2.421946683723839e-14 1.1529884687454602e-14 0.0
573 2.421946683723839e-14 -2.421946683723839e-14 0.0
574 0.226949645472658 1.7855507209250145e-14 0.0
575 2.421946683723839e-14 -2.421946683723839e-14 0.0
576 -1.1529884687454602e-14 2.421946683723839e-14 0.0
577 8.07954513011158e-15 0.22694964547265503 0.0
578 0.0 2.3021432268716503e-14 0.0
579 -0.17021223410449882 0.17021223410449296 0.0
580 4.380014382516005e-15 2.5484591341597496e-14 0.0
581 2.8752829644525195e-17 0.22694964547265728 0.0
582 -2.421946683723839e-14 2.421946683723839e-14 0.0
583 1.1529884687454602e-14 -2.421946683723839e-14 0.0
584 0.0 2.547500706504932e-14 0.0
585 -4.380014382516005e-15 -2.5484591341597496e-14 0.0
586 0.226949645472658 1.7855507209250145e-14 0.0
587 1.7855507209250145e-14 0.226949645472658 0.0
588 1.1271109220653875e-14 -4.370430105967829e-15 1.1232772114461175e-14
589 -2.421946683723839e-14 0.0 1.1529884687454602e-14
590 1.1021918030401324e-14 3.833710619270026e-17 1.0993165200756799e-14
591 -1.1271109220653875e-14 4.370430105967829e-15 1.1232772114461175e-14
592 3.833710619270026e-17 1.1021918030401324e-14 1.0993165200756799e-14
593 4.370430105967829e-15 -1.1271109220653875e-14 1.1232772114461175e-14
594 1.0753558287052423e-14 2.2963926609427453e-14 1.0772726840148772e-14
595 -1.0753558287052423e-14 -2.2963926609427453e-14 1.0772726840148772e-14
596 -4.619621296220381e-15 2.4229051113786564e-14 1.1769491601158979e-14
597 0.0 -2.421946683723839e-14 1.1529884687454602e-14
598 -0.2269496454726631 8.069960853563404e-15 8.07954513011158e-15
599 0.0 -1.1021918030401324e-14 1.0993165200756799e-14
600 1.6628719811083737e-14 -0.22694964547266538 8.577927510616683e-15
601 0.22694964547265503 0.0 8.07954513011158e-15
602 2.299267943907198e-14 -1.198034568521883e-15 1.1529884687454602e-14
603 -2.4229051113786564e-14 4.619621296220381e-15 1.1769491601158979e-14
604 -4.159576021907978e-15 -0.2269496454726641 9.076309891121786e-15
605 0.0 0.0 1.175032304806263e-14
606 1.025517590654732e-14 1.0274344459643669e-14 1.0236007353450968e-14
607 -2.2963926609427453e-14 -1.0753558287052423e-14 1.0772726840148772e-14
608 -1.198034568521883e-15 2.299267943907198e-14 1.1529884687454602e-14
609 4.619621296220381e-15 -2.4229051113786564e-14 1.1769491601158979e-14
610 0.0 0.0 1.175032304806263e-14
611 -0.17021223410449787 -0.17021223410449787 5.884745800579489e-15
612 1.1271109220653875e-14 -4.370430105967829e-15 1.1232772114461175e-14
613 -1.1021918030401324e-14 0.0 1.0993165200756799e-14
614 2.299267943907198e-14 -1.198034568521883e-15 1.1529884687454602e-14
615 0.22694964547265378 3.392833898053973e-15 8.319152043815956e-15
616 1.0753558287052423e-14 2.2963926609427453e-14 1.0772726840148772e-14
617 -7.32238728280575e-15 0.2269496454726528 7.32238728280575e-15
618 2.4229051113786564e-14 -4.619621296220381e-15 1.1769491601158979e-14
619 -2.421946683723839e-14 0.0 1.1529884687454602e-14
620 -0.2269496454726651 -9.584276548175064e-16 8.836702977417409e-15
621 0.0 6.124352714283866e-15 1.1989929961767005e-14
622 -4.370430105967829e-15 1.1271109220653875e-14 1.1232772114461175e-14
623 0.0 -1.1021918030401324e-14 1.0993165200756799e-14
624 1.025517590654732e-14 1.0274344459643669e-14 1.0236007353450968e-14
625 -2.3002263715620155e-14 -2.2963926609427453e-14 1.1232772114461175e-14
626 -4.619621296220381e-15 2.4229051113786564e-14 1.1769491601158979e-14
627 0.0 0.22694964547265503 8.07954513011158e-15
628 2.4229051113786564e-14 -4.619621296220381e-15 1.1769491601158979e-14
629 0.22694964547265503 0.0 8.07954513011158e-15
630 -9.680119313656815e-16 -5.118003676725484e-15 1.1989929961767005e-14
631 4.111654639167103e-15 0.0 1.1989929961767005e-14
632 -0.2269496454726631 8.069960853563404e-15 8.07954513011158e-15
633 0.0 -2.176589204090557e-14 1.1529884687454602e-14
634 2.2963926609427453e-14 1.0753558287052423e-14 1.0772726840148772e-14
635 -2.2963926609427453e-14 -1.0753558287052423e-14 1.0772726840148772e-14
636 -0.2269496454726641 -4.159576021907978e-15 9.076309891121786e-15
637 0.0 0.0 1.175032304806263e-14
638 8.069960853563404e-15 -0.2269496454726631 8.07954513011158e-15
639 -2.176589204090557e-14 0.0 1.1529884687454602e-14
640 1.025517590654732e-14 1.0274344459643669e-14 1.0236007353450968e-14
641 -1.0274344459643669e-14 -1.025517590654732e-14 1.0236007353450968e-14
642 2.2963926609427453e-14 1.0753558287052423e-14 1.0772726840148772e-14
643 0.2269496454726528 -7.32238728280575e-15 7.32238728280575e-15
644 1.0753558287052423e-14 2.2963926609427453e-14 1.0772726840148772e-14
645 -2.3002263715620155e-14 -2.2963926609427453e-14 1.1232772114461175e-14
646 -5.118003676725484e-15 -9.680119313656815e-16 1.1989929961767005e-14
647 0.0 4.111654639167103e-15 1.1989929961767005e-14
648 3.833710619270026e-17 1.1021918030401324e-14 1.0993165200756799e-14
649 4.619621296220381e-15 -2.4229051113786564e-14 1.1769491601158979e-14
650 2.2963926609427453e-14 1.0753558287052423e-14 1.0772726840148772e-14
651 -2.2963926609427453e-14 -2.3002263715620155e-14 1.1232772114461175e-14
652 -1.198034568521883e-15 2.299267943907198e-14 1.1529884687454602e-14
653 3.392833898053973e-15 0.22694964547265378 8.319152043815956e-15
654 8.069960853563404e-15 -0.2269496454726631 8.07954513011158e-15
655 -1.1021918030401324e-14 0.0 1.0993165200756799e-14
656 2.2963926609427453e-14 1.0753558287052423e-14 1.0772726840148772e-14
657 0.22694964547265578 -1.659996698143921e-14 7.801601110214502e-15
658 -4.370430105967829e-15 1.1271109220653875e-14 1.1232772114461175e-14
659 0.0 -2.421946683723839e-14 1.1529884687454602e-14
660 1.1021918030401324e-14 3.833710619270026e-17 1.0993165200756799e-14
661 -2.4229051113786564e-14 4.619621296220381e-15 1.1769491601158979e-14
662 1.0753558287052423e-14 2.2963926609427453e-14 1.0772726840148772e-14
663 -1.659996698143921e-14 0.22694964547265578 7.801601110214502e-15
664 -9.488433782693313e-16 -9.584276548175064e-16 1.175032304806263e-14
665 5.137172229821834e-15 5.137172229821834e-15 1.2267873981664082e-14
666 2.2963926609427453e-14 2.3002263715620155e-14 1.1232772114461175e-14
667 -2.2963926609427453e-14 -2.3002263715620155e-14 1.1232772114461175e-14
668 1.025517590654732e-14 1.0274344459643669e-14 1.0236007353450968e-14
669 -1.0753558287052423e-14 -2.2963926609427453e-14 1.0772726840148772e-14
670 2.3002263715620155e-14 2.2963926609427453e-14 1.1232772114461175e-14
671 0.22694964547265578 -1.659996698143921e-14 7.801601110214502e-15
672 -0.22694964547266538 1.6628719811083737e-14 8.577927510616683e-15
673 0.0 -2.176589204090557e-14 1.1529884687454602e-14
674 -9.584276548175064e-16 -0.2269496454726651 8.836702977417409e-15
675 6.124352714283866e-15 0.0 1.1989929961767005e-14
676 -0.22694964547266538 1.6628719811083737e-14 8.577927510616683e-15
677 0.0 0.22694964547265503 8.07954513011158e-15
678 -5.137172229821834e-15 -5.137172229821834e-15 1.2267873981664082e-14
679 0.0 0.0 1.175032304806263e-14
680 1.6628719811083737e-14 -0.22694964547266538 8.577927510616683e-15
681 -2.176589204090557e-14 0.0 1.1529884687454602e-14
682 2.2963926609427453e-14 2.3002263715620155e-14 1.1232772114461175e-14
683 -1.659996698143921e-14 0.22694964547265578 7.801601110214502e-15
684 2.3002263715620155e-14 2.2963926609427453e-14 1.1232772114461175e-14
685 0.1702122341044885 0.1702122341044885 4.370430105967829e-15
686 0.17021223410449074 -0.17021223410449582 -5.12758795327366e-15
687 2.176589204090557e-14 0.0 -1.1501131857810078e-14
688 -1.6628719811083737e-14 -0.22694964547266538 -8.558758957520332e-15
689 1.0993165200756799e-14 0.0 -1.1021918030401324e-14
690 5.118003676725484e-15 -9.680119313656815e-16 -1.1989929961767005e-14
691 -9.680119313656815e-16 5.118003676725484e-15 -1.1989929961767005e-14
692 -2.4229051113786564e-14 -4.619621296220381e-15 -1.1769491601158979e-14
693 2.421946683723839e-14 0.0 -1.1501131857810078e-14
694 4.159576021907978e-15 -0.2269496454726641 -9.076309891121786e-15
695 -1.945608139279538e-15 0.0 -1.175032304806263e-14
696 0.0 -1.945608139279538e-15 -1.175032304806263e-14
697 -0.2269496454726641 4.159576021907978e-15 -9.076309891121786e-15
698 0.0 2.421946683723839e-14 -1.1501131857810078e-14
699 -4.619621296220381e-15 -2.4229051113786564e-14 -1.1769491601158979e-14
700 -1.0274344459643669e-14 1.0236007353450968e-14 -1.025517590654732e-14
701 1.0734389733956072e-14 -2.2963926609427453e-14 -1.0734389733956072e-14
702 0.22694964547265503 2.8752829644525195e-17 -8.069960853563404e-15
703 2.4229051113786564e-14 4.619621296220381e-15 -1.1769491601158979e-14
704 4.370430105967829e-15 1.1232772114461175e-14 -1.1271109220653875e-14
705 -1.198034568521883e-15 -2.299267943907198e-14 -1.1501131857810078e-14
706 -2.2963926609427453e-14 2.2963926609427453e-14 -1.1232772114461175e-14
707 1.0734389733956072e-14 -2.2963926609427453e-14 -1.0734389733956072e-14
708 -1.0993165200756799e-14 3.833710619270026e-17 -1.1021918030401324e-14
709 1.1232772114461175e-14 4.370430105967829e-15 -1.1271109220653875e-14
710 -2.2963926609427453e-14 1.0734389733956072e-14 -1.0734389733956072e-14
711 2.2963926609427453e-14 -1.0734389733956072e-14 -1.0734389733956072e-14
712 -2.299267943907198e-14 -1.198034568521883e-15 -1.1501131857810078e-14
713 1.1232772114461175e-14 4.370430105967829e-15 -1.1271109220653875e-14
714 0.0 1.0993165200756799e-14 -1.1021918030401324e-14
715 -0.22694964547266538 -1.6628719811083737e-14 -8.558758957520332e-15
716 0.0 1.0993165200756799e-14 -1.1021918030401324e-14
717 -0.2269496454726631 -8.07954513011158e-15 -8.069960853563404e-15
718 0.22694964547265378 -3.392833898053973e-15 -8.319152043815956e-15
719 2.421946683723839e-14 0.0 -1.1501131857810078e-14
720 0.0 1.0993165200756799e-14 -1.1021918030401324e-14
721 -4.370430105967829e-15 -1.1232772114461175e-14 -1.1271109220653875e-14
722 4.619621296220381e-15 2.4229051113786564e-14 -1.1769491601158979e-14
723 2.8752829644525195e-17 0.22694964547265503 -8.069960853563404e-15
724 0.0 3.833710619270026e-17 -1.175032304806263e-14
725 -5.14675650637001e-15 5.14675650637001e-15 -1.2267873981664082e-14
726 -2.2963926609427453e-14 2.2963926609427453e-14 -1.1232772114461175e-14
727 7.32238728280575e-15 0.2269496454726528 -7.32238728280575e-15
728 -2.2963926609427453e-14 1.0734389733956072e-14 -1.0734389733956072e-14
729 2.2963926609427453e-14 -2.2963926609427453e-14 -1.1232772114461175e-14
730 -1.0734389733956072e-14 2.2963926609427453e-14 -1.0734389733956072e-14
731 1.0734389733956072e-14 -2.2963926609427453e-14 -1.0734389733956072e-14
732 -0.22694964547266414 0.0 -8.836702977417409e-15
733 0.0 -0.22694964547266414 -8.836702977417409e-15
734 0.2269496454726528 7.32238728280575e-15 -7.32238728280575e-15
735 2.2963926609427453e-14 -1.0734389733956072e-14 -1.0734389733956072e-14
736 -2.4229051113786564e-14 -4.619621296220381e-15 -1.1769491601158979e-14
737 1.0993165200756799e-14 0.0 -1.1021918030401324e-14
738 0.0 2.421946683723839e-14 -1.1501131857810078e-14
739 -3.392833898053973e-15 0.22694964547265378 -8.319152043815956e-15
740 -1.1232772114461175e-14 -4.370430105967829e-15 -1.1271109220653875e-14
741 1.0993165200756799e-14 0.0 -1.1021918030401324e-14
742 4.370430105967829e-15 1.1232772114461175e-14 -1.1271109220653875e-14
743 3.833710619270026e-17 -1.0993165200756799e-14 -1.1021918030401324e-14
744 0.0 2.176589204090557e-14 -1.1501131857810078e-14
745 -0.22694964547266538 -1.6628719811083737e-14 -8.558758957520332e-15
746 -2.2963926609427453e-14 2.2963926609427453e-14 -1.1232772114461175e-14
747 2.2963926609427453e-14 -2.2963926609427453e-14 -1.1232772114461175e-14
748 -1.6628719811083737e-14 -0.22694964547266538 -8.558758957520332e-15
749 2.176589204090557e-14 0.0 -1.1501131857810078e-14
750 0.2269496454726528 7.32238728280575e-15 -7.32238728280575e-15
751 2.2963926609427453e-14 -2.2963926609427453e-14 -1.1232772114461175e-14
752 0.0 -6.124352714283866e-15 -1.1989929961767005e-14
753 -0.2269496454726661 0.0 -8.836702977417409e-15
754 5.14675650637001e-15 -5.14675650637001e-15 -1.2267873981664082e-14
755 3.833710619270026e-17 0.0 -1.175032304806263e-14
756 -1.0734389733956072e-14 2.2963926609427453e-14 -1.0734389733956072e-14
757 7.32238728280575e-15 0.2269496454726528 -7.32238728280575e-15
758 -2.2963926609427453e-14 1.0734389733956072e-14 -1.0734389733956072e-14
759 1.0236007353450968e-14 -1.0274344459643669e-14 -1.025517590654732e-14
760 0.0 1.0993165200756799e-14 -1.1021918030401324e-14
761 -4.619621296220381e-15 -2.4229051113786564e-14 -1.1769491601158979e-14
762 4.619621296220381e-15 2.4229051113786564e-14 -1.1769491601158979e-14
763 -1.198034568521883e-15 -2.299267943907198e-14 -1.1501131857810078e-14
764 -2.2963926609427453e-14 2.2963926609427453e-14 -1.1232772114461175e-14
765 1.659996698143921e-14 0.22694964547265578 -7.801601110214502e-15
766 0.22694964547265578 1.659996698143921e-14 -7.801601110214502e-15
767 2.2963926609427453e-14 -2.2963926609427453e-14 -1.1232772114461175e-14
768 0.0 2.176589204090557e-14 -1.1501131857810078e-14
769 -0.17021223410449582 0.17021223410449074 -5.12758795327366e-15
770 -2.299267943907198e-14 -1.198034568521883e-15 -1.1501131857810078e-14
771 2.4229051113786564e-14 4.619621296220381e-15 -1.1769491601158979e-14
772 -1.0274344459643669e-14 1.0236007353450968e-14 -1.025517590654732e-14
773 1.0274344459643669e-14 -1.0236007353450968e-14 -1.025517590654732e-14
774 -8.07954513011158e-15 -0.2269496454726631 -8.069960853563404e-15
775 1.0993165200756799e-14 0.0 -1.1021918030401324e-14
776 0.0 -4.111654639167103e-15 -1.1989929961767005e-14
777 -4.111654639167103e-15 0.0 -1.1989929961767005e-14
778 0.0 -0.2269496454726661 -8.836702977417409e-15
779 -6.124352714283866e-15 0.0 -1.1989929961767005e-14
780 -2.2963926609427453e-14 1.0734389733956072e-14 -1.0734389733956072e-14
781 1.0734389733956072e-14 -2.2963926609427453e-14 -1.0734389733956072e-14
782 0.22694964547265578 1.659996698143921e-14 -7.801601110214502e-15
783 1.659996698143921e-14 0.22694964547265578 -7.801601110214502e-15
784 -9.584276548175064e-16 -0.2269496454726651 8.836702977417409e-15
785 6.124352714283866e-15 0.0 1.1989929961767005e-14
786 2.2963926609427453e-14 1.0753558287052423e-14 1.0772726840148772e-14
787 -2.2963926609427453e-14 -1.0753558287052423e-14 1.0772726840148772e-14
788 1.1271109220653875e-14 -4.370430105967829e-15 1.1232772114461175e-14
789 -2.421946683723839e-14 0.0 1.1529884687454602e-14
790 2.299267943907198e-14 -1.198034568521883e-15 1.1529884687454602e-14
791 0.22694964547265378 3.392833898053973e-15 8.319152043815956e-15
792 8.069960853563404e-15 -0.2269496454726631 8.07954513011158e-15
793 -1.1021918030401324e-14 0.0 1.0993165200756799e-14
794 1.0753558287052423e-14 2.2963926609427453e-14 1.0772726840148772e-14
795 -1.659996698143921e-14 0.22694964547265578 7.801601110214502e-15
796 -1.198034568521883e-15 2.299267943907198e-14 1.1529884687454602e-14
797 3.392833898053973e-15 0.22694964547265378 8.319152043815956e-15
798 -9.680119313656815e-16 -5.118003676725484e-15 1.1989929961767005e-14
799 4.111654639167103e-15 0.0 1.1989929961767005e-14
800 1.0753558287052423e-14 2.2963926609427453e-14 1.0772726840148772e-14
801 -7.32238728280575e-15 0.2269496454726528 7.32238728280575e-15
802 1.0274344459643669e-14 1.025517590654732e-14 1.0236007353450968e-14
803 -1.0274344459643669e-14 -1.025517590654732e-14 1.0236007353450968e-14
804 -9.584276548175064e-16 -9.488433782693313e-16 1.175032304806263e-14
805 5.137172229821834e-15 5.137172229821834e-15 1.2267873981664082e-14
806 2.2963926609427453e-14 1.0753558287052423e-14 1.0772726840148772e-14
807 -2.3002263715620155e-14 -2.2963926609427453e-14 1.1232772114461175e-14
808 2.4229051113786564e-14 -4.619621296220381e-15 1.1769491601158979e-14
809 0.22694964547265503 0.0 8.07954513011158e-15
810 -4.619621296220381e-15 2.4229051113786564e-14 1.1769491601158979e-14
811 0.0 -2.421946683723839e-14 1.1529884687454602e-14
812 -5.118003676725484e-15 -9.680119313656815e-16 1.1989929961767005e-14
813 0.0 4.111654639167103e-15 1.1989929961767005e-14
814 1.025517590654732e-14 1.0274344459643669e-14 1.0236007353450968e-14
815 -2.2963926609427453e-14 -1.0753558287052423e-14 1.0772726840148772e-14
816 1.6628719811083737e-14 -0.22694964547266538 8.577927510616683e-15
817 -2.176589204090557e-14 0.0 1.1529884687454602e-14
818 -4.370430105967829e-15 1.1271109220653875e-14 1.1232772114461175e-14
819 0.0 -1.1021918030401324e-14 1.0993165200756799e-14
820 0.0 0.0 1.175032304806263e-14
821 -0.17021223410449787 -0.17021223410449787 5.884745800579489e-15
822 -0.2269496454726651 -9.584276548175064e-16 8.836702977417409e-15
823 0.0 6.124352714283866e-15 1.1989929961767005e-14
824 1.1021918030401324e-14 3.833710619270026e-17 1.0993165200756799e-14
825 -1.1271109220653875e-14 4.370430105967829e-15 1.1232772114461175e-14
826 2.2963926609427453e-14 1.0753558287052423e-14 1.0772726840148772e-14
827 0.2269496454726528 -7.32238728280575e-15 7.32238728280575e-15
828 2.3002263715620155e-14 2.2963926609427453e-14 1.1232772114461175e-14
829 -2.3002263715620155e-14 -2.2963926609427453e-14 1.1232772114461175e-14
830 8.069960853563404e-15 -0.2269496454726631 8.07954513011158e-15
831 -2.176589204090557e-14 0.0 1.1529884687454602e-14
832 -1.198034568521883e-15 2.299267943907198e-14 1.1529884687454602e-14
833 4.619621296220381e-15 -2.4229051113786564e-14 1.1769491601158979e-14
834 1.025517590654732e-14 1.0274344459643669e-14 1.0236007353450968e-14
835 -1.0753558287052423e-14 -2.2963926609427453e-14 1.0772726840148772e-14
836 -0.22694964547266538 1.6628719811083737e-14 8.577927510616683e-15
837 0.0 -2.176589204090557e-14 1.1529884687454602e-14
838 2.299267943907198e-14 -1.198034568521883e-15 1.1529884687454602e-14
839 -2.4229051113786564e-14 4.619621296220381e-15 1.1769491601158979e-14
840 1.025517590654732e-14 1.0274344459643669e-14 1.0236007353450968e-14
841 -2.2963926609427453e-14 -2.3002263715620155e-14 1.1232772114461175e-14
842 -0.2269496454726631 8.069960853563404e-15 8.07954513011158e-15
843 0.0 -1.1021918030401324e-14 1.0993165200756799e-14
844 2.2963926609427453e-14 1.0753558287052423e-14 1.0772726840148772e-14
845 0.22694964547265578 -1.659996698143921e-14 7.801601110214502e-15
846 -0.2269496454726631 8.069960853563404e-15 8.07954513011158e-15
847 0.0 -2.176589204090557e-14 1.1529884687454602e-14
848 2.2963926609427453e-14 2.3002263715620155e-14 1.1232772114461175e-14
849 -1.659996698143921e-14 0.22694964547265578 7.801601110214502e-15
850 -4.619621296220381e-15 2.4229051113786564e-14 1.1769491601158979e-14
851 0.0 0.22694964547265503 8.07954513011158e-15
852 -4.159576021907978e-15 -0.2269496454726641 9.076309891121786e-15
853 0.0 0.0 1.175032304806263e-14
854 3.833710619270026e-17 1.1021918030401324e-14 1.0993165200756799e-14
855 4.619621296220381e-15 -2.4229051113786564e-14 1.1769491601158979e-14
856 1.1021918030401324e-14 3.833710619270026e-17 1.0993165200756799e-14
857 -2.4229051113786564e-14 4.619621296220381e-15 1.1769491601158979e-14
858 -4.370430105967829e-15 1.1271109220653875e-14 1.1232772114461175e-14
859 0.0 -2.421946683723839e-14 1.1529884687454602e-14
860 2.4229051113786564e-14 -4.619621296220381e-15 1.1769491601158979e-14
861 -2.421946683723839e-14 0.0 1.1529884687454602e-14
862 2.2963926609427453e-14 2.3002263715620155e-14 1.1232772114461175e-14
863 0.22694964547265578 -1.659996698143921e-14 7.801601110214502e-15
864 1.1271109220653875e-14 -4.370430105967829e-15 1.1232772114461175e-14
865 -1.1021918030401324e-14 0.0 1.0993165200756799e-14
866 1.0753558287052423e-14 2.2963926609427453e-14 1.0772726840148772e-14
867 -2.3002263715620155e-14 -2.2963926609427453e-14 1.1232772114461175e-14
868 1.6628719811083737e-14 -0.22694964547266538 8.577927510616683e-15
869 0.22694964547265503 0.0 8.07954513011158e-15
870 1.0753558287052423e-14 2.2963926609427453e-14 1.0772726840148772e-14
871 -1.0753558287052423e-14 -2.2963926609427453e-14 1.0772726840148772e-14
872 -5.137172229821834e-15 -5.137172229821834e-15 1.2267873981664082e-14
873 0.0 0.0 1.175032304806263e-14
874 -0.22694964547266538 1.6628719811083737e-14 8.577927510616683e-15
875 0.0 0.22694964547265503 8.07954513011158e-15
876 -0.2269496454726641 -4.159576021907978e-15 9.076309891121786e-15
877 0.0 0.0 1.175032304806263e-14
878 3.833710619270026e-17 1.1021918030401324e-14 1.0993165200756799e-14
879 4.370430105967829e-15 -1.1271109220653875e-14 1.1232772114461175e-14
880 2.2963926609427453e-14 2.3002263715620155e-14 1.1232772114461175e-14
881 0.1702122341044885 0.1702122341044885 4.370430105967829e-15
882 0.0 1.1529884687454602e-14 -2.176589204090557e-14
883 -0.22694964547266538 -8.577927510616683e-15 -1.6628719811083737e-14
884 -1.6628719811083737e-14 -0.2269496454726676 -1.6647888364180087e-14
885 2.176589204090557e-14 0.0 -2.176589204090557e-14
886 -2.2963926609427453e-14 1.1232772114461175e-14 -2.3002263715620155e-14
887 2.2963926609427453e-14 -2.2963926609427453e-14 -2.3002263715620155e-14
888 0.0 -3.172395537445946e-15 -2.1794644870550097e-14
889 -0.22694964547266638 4.40876721216053e-15 -1.7893844315442844e-14
890 4.8688124864729326e-15 2.4229051113786564e-14 -2.4229051113786564e-14
891 -2.4344062432364663e-15 -2.299267943907198e-14 -2.299267943907198e-14
892 -1.1769491601158979e-14 -4.619621296220381e-15 -2.4229051113786564e-14
893 1.1529884687454602e-14 0.0 -2.421946683723839e-14
894 0.0 -1.198034568521883e-15 -2.4248219666882912e-14
895 -5.376779143526211e-15 5.376779143526211e-15 -2.5494175618145672e-14
896 4.40876721216053e-15 -0.22694964547266638 -1.7893844315442844e-14
897 -3.172395537445946e-15 0.0 -2.1794644870550097e-14
898 0.22694964547265678 -3.661193641402875e-15 -1.786509148579832e-14
899 2.421946683723839e-14 0.0 -2.421946683723839e-14
900 -2.2963926609427453e-14 1.1232772114461175e-14 -2.3002263715620155e-14
901 1.1232772114461175e-14 -2.2963926609427453e-14 -2.3002263715620155e-14
902 0.0 2.176589204090557e-14 -2.176589204090557e-14
903 -0.2269496454726676 -1.6628719811083737e-14 -1.6647888364180087e-14
904 -1.1232772114461175e-14 2.2963926609427453e-14 -2.3002263715620155e-14
905 1.1232772114461175e-14 -2.2963926609427453e-14 -2.3002263715620155e-14
906 -2.299267943907198e-14 -2.4344062432364663e-15 -2.299267943907198e-14
907 1.1769491601158979e-14 4.619621296220381e-15 -2.4229051113786564e-14
908 -2.2963926609427453e-14 2.2963926609427453e-14 -2.3002263715620155e-14
909 2.2963926609427453e-14 -2.2963926609427453e-14 -2.3002263715620155e-14
910 -2.299267943907198e-14 -2.4344062432364663e-15 -2.299267943907198e-14
911 2.4229051113786564e-14 4.8688124864729326e-15 -2.4229051113786564e-14
912 -8.577927510616683e-15 -0.22694964547266538 -1.6628719811083737e-14
913 1.1529884687454602e-14 0.0 -2.176589204090557e-14
914 0.0 1.1529884687454602e-14 -2.421946683723839e-14
915 -4.619621296220381e-15 -1.1769491601158979e-14 -2.4229051113786564e-14
916 0.0 2.421946683723839e-14 -2.421946683723839e-14
917 -4.8688124864729326e-15 -2.4229051113786564e-14 -2.4229051113786564e-14
918 0.22694964547265578 7.801601110214502e-15 -1.659996698143921e-14
919 2.2963926609427453e-14 -1.1232772114461175e-14 -2.3002263715620155e-14
920 4.619621296220381e-15 1.1769491601158979e-14 -2.4229051113786564e-14
921 -2.4344062432364663e-15 -2.299267943907198e-14 -2.299267943907198e-14
922 5.386363420074386e-15 -2.204383606080265e-15 -2.4257803943431087e-14
923 -2.204383606080265e-15 5.386363420074386e-15 -2.4257803943431087e-14
924 4.619621296220381e-15 1.1769491601158979e-14 -2.4229051113786564e-14
925 -1.198034568521883e-15 -1.1529884687454602e-14 -2.299267943907198e-14
926 -2.2963926609427453e-14 2.2963926609427453e-14 -2.3002263715620155e-14
927 1.1232772114461175e-14 -2.2963926609427453e-14 -2.3002263715620155e-14
928 -1.0772726840148772e-14 1.0772726840148772e-14 -2.2963926609427453e-14
929 1.0772726840148772e-14 -1.0772726840148772e-14 -2.2963926609427453e-14
930 -2.2963926609427453e-14 2.2963926609427453e-14 -2.3002263715620155e-14
931 1.659996698143921e-14 0.22694964547265878 -1.6638304087631912e-14
932 0.0 -0.22694964547266835 -1.788426003889467e-14
933 -6.392712457632768e-15 0.0 -2.303101654526468e-14
934 -2.4229051113786564e-14 -4.8688124864729326e-15 -2.4229051113786564e-14
935 2.421946683723839e-14 0.0 -2.421946683723839e-14
936 5.376779143526211e-15 -5.376779143526211e-15 -2.5494175618145672e-14
937 -1.198034568521883e-15 0.0 -2.4248219666882912e-14
938 0.22694964547265578 7.801601110214502e-15 -1.659996698143921e-14
939 2.2963926609427453e-14 -2.2963926609427453e-14 -2.3002263715620155e-14
940 -2.4229051113786564e-14 -4.8688124864729326e-15 -2.4229051113786564e-14
941 1.1529884687454602e-14 0.0 -2.421946683723839e-14
942 -1.1232772114461175e-14 2.2963926609427453e-14 -2.3002263715620155e-14
943 7.801601110214502e-15 0.22694964547265578 -1.659996698143921e-14
944 0.0 1.1529884687454602e-14 -2.176589204090557e-14
945 -0.2269496454726676 -1.6628719811083737e-14 -1.6647888364180087e-14
946 -0.22694964547266638 0.0 -1.5392348136369152e-14
947 0.0 -0.22694964547266638 -1.5392348136369152e-14
948 -1.1529884687454602e-14 -1.198034568521883e-15 -2.299267943907198e-14
949 1.1769491601158979e-14 4.619621296220381e-15 -2.4229051113786564e-14
950 0.0 -4.380014382516005e-15 -2.5484591341597496e-14
951 -4.380014382516005e-15 0.0 -2.5484591341597496e-14
952 0.1702122341044937 -0.1702122341044981 -1.0264760183095493e-14
953 2.176589204090557e-14 0.0 -2.176589204090557e-14
954 -2.2963926609427453e-14 2.2963926609427453e-14 -2.3002263715620155e-14
955 7.801601110214502e-15 0.22694964547265578 -1.659996698143921e-14
956 0.0 -6.392712457632768e-15 -2.303101654526468e-14
957 -0.22694964547266835 0.0 -1.788426003889467e-14
958 0.22694964547265878 1.659996698143921e-14 -1.6638304087631912e-14
959 2.2963926609427453e-14 -2.2963926609427453e-14 -2.3002263715620155e-14
960 -2.2963926609427453e-14 1.1232772114461175e-14 -2.3002263715620155e-14
961 2.2963926609427453e-14 -1.1232772114461175e-14 -2.3002263715620155e-14
962 0.0 2.421946683723839e-14 -2.421946683723839e-14
963 -3.661193641402875e-15 0.22694964547265678 -1.786509148579832e-14
964 0.0 1.1529884687454602e-14 -2.421946683723839e-14
965 -4.8688124864729326e-15 -2.4229051113786564e-14 -2.4229051113786564e-14
966 -1.0772726840148772e-14 1.0772726840148772e-14 -2.2963926609427453e-14
967 1.1232772114461175e-14 -2.2963926609427453e-14 -2.3002263715620155e-14
968 -2.2963926609427453e-14 1.1232772114461175e-14 -2.3002263715620155e-14
969 1.0772726840148772e-14 -1.0772726840148772e-14 -2.2963926609427453e-14
970 4.8688124864729326e-15 2.4229051113786564e-14 -2.4229051113786564e-14
971 -1.207618845070058e-15 0.226949645472658 -1.6628719811083737e-14
972 -1.6628719811083737e-14 -0.2269496454726676 -1.6647888364180087e-14
973 1.1529884687454602e-14 0.0 -2.176589204090557e-14
974 0.226949645472658 -1.207618845070058e-15 -1.6628719811083737e-14
975 2.4229051113786564e-14 4.8688124864729326e-15 -2.4229051113786564e-14
976 0.0 2.176589204090557e-14 -2.176589204090557e-14
977 -0.1702122341044981 0.1702122341044937 -1.0264760183095493e-14
978 0.22694964547265878 1.659996698143921e-14 -1.6638304087631912e-14
979 1.659996698143921e-14 0.22694964547265878 -1.6638304087631912e-14
980 2.299267943907198e-14 -2.4344062432364663e-15 2.299267943907198e-14
981 -2.4229051113786564e-14 4.8688124864729326e-15 2.4229051113786564e-14
982 1.1232772114461175e-14 2.3002263715620155e-14 2.2963926609427453e-14
983 -7.801601110214502e-15 0.22694964547265578 1.659996698143921e-14
984 -5.386363420074386e-15 -2.204383606080265e-15 2.4257803943431087e-14
985 0.0 4.380014382516005e-15 2.5484591341597496e-14
986 -0.2269496454726676 1.6647888364180087e-14 1.6628719811083737e-14
987 0.0 0.226949645472658 1.5401932412917328e-14
988 2.4229051113786564e-14 -4.8688124864729326e-15 2.4229051113786564e-14
989 0.226949645472658 0.0 1.7855507209250145e-14
990 2.3002263715620155e-14 2.3002263715620155e-14 2.2963926609427453e-14
991 -2.3002263715620155e-14 -2.3002263715620155e-14 2.2963926609427453e-14
992 1.1232772114461175e-14 2.3002263715620155e-14 2.2963926609427453e-14
993 -2.3002263715620155e-14 -2.3002263715620155e-14 2.2963926609427453e-14
994 1.1769491601158979e-14 -4.619621296220381e-15 2.4229051113786564e-14
995 -2.421946683723839e-14 0.0 2.421946683723839e-14
996 -0.22694964547266538 8.558758957520332e-15 1.6628719811083737e-14
997 0.0 -2.176589204090557e-14 2.176589204090557e-14
998 -0.2269496454726676 1.6647888364180087e-14 1.6628719811083737e-14
999 0.0 -2.176589204090557e-14 2.176589204090557e-14
1000 0.0 0.0 2.0529520366190987e-14
1001 -0.1702122341045001 -0.1702122341045001 1.0274344459643669e-14
1002 1.0734389733956072e-14 1.0734389733956072e-14 2.2963926609427453e-14
1003 -1.1232772114461175e-14 -2.3002263715620155e-14 2.2963926609427453e-14
1004 -4.619621296220381e-15 1.1769491601158979e-14 2.4229051113786564e-14
1005 0.0 -1.1501131857810078e-14 2.421946683723839e-14
1006 2.4229051113786564e-14 -4.8688124864729326e-15 2.4229051113786564e-14
1007 -2.421946683723839e-14 0.0 2.421946683723839e-14
1008 -4.40876721216053e-15 -0.22694964547266638 1.7893844315442844e-14
1009 0.0 0.0 2.3021432268716503e-14
1010 2.3002263715620155e-14 1.1232772114461175e-14 2.2963926609427453e-14
1011 0.22694964547265578 -7.801601110214502e-15 1.659996698143921e-14
1012 -2.1947993295320897e-15 -0.22694964547266736 1.6657472640728263e-14
1013 6.392712457632768e-15 0.0 2.303101654526468e-14
1014 2.3002263715620155e-14 2.3002263715620155e-14 2.2963926609427453e-14
1015 -1.6638304087631912e-14 0.22694964547265878 1.659996698143921e-14
1016 1.1769491601158979e-14 -4.619621296220381e-15 2.4229051113786564e-14
1017 -1.1501131857810078e-14 0.0 2.421946683723839e-14
1018 8.558758957520332e-15 -0.22694964547266538 1.6628719811083737e-14
1019 -2.176589204090557e-14 0.0 2.176589204090557e-14
1020 1.1232772114461175e-14 2.3002263715620155e-14 2.2963926609427453e-14
1021 -1.6638304087631912e-14 0.22694964547265878 1.659996698143921e-14
1022 -4.8688124864729326e-15 2.4229051113786564e-14 2.4229051113786564e-14
1023 0.0 -2.421946683723839e-14 2.421946683723839e-14
1024 1.0734389733956072e-14 1.0734389733956072e-14 2.2963926609427453e-14
1025 -2.3002263715620155e-14 -1.1232772114461175e-14 2.2963926609427453e-14
1026 8.558758957520332e-15 -0.22694964547266538 1.6628719811083737e-14
1027 -1.1501131857810078e-14 0.0 2.176589204090557e-14
1028 -0.22694964547266538 8.558758957520332e-15 1.6628719811083737e-14
1029 0.0 -1.1501131857810078e-14 2.176589204090557e-14
1030 -0.22694964547266736 -2.1947993295320897e-15 1.6657472640728263e-14
1031 0.0 6.392712457632768e-15 2.303101654526468e-14
1032 2.3002263715620155e-14 1.1232772114461175e-14 2.2963926609427453e-14
1033 0.22694964547265878 -1.6638304087631912e-14 1.659996698143921e-14
1034 2.3002263715620155e-14 1.1232772114461175e-14 2.2963926609427453e-14
1035 -2.3002263715620155e-14 -1.1232772114461175e-14 2.2963926609427453e-14
1036 -2.4344062432364663e-15 2.299267943907198e-14 2.299267943907198e-14
1037 3.661193641402875e-15 0.22694964547265678 1.786509148579832e-14
1038 1.6647888364180087e-14 -0.2269496454726676 1.6628719811083737e-14
1039 0.226949645472658 0.0 1.5401932412917328e-14
1040 -2.1852150529839146e-15 -2.1852150529839146e-15 2.3021432268716503e-14
1041 5.386363420074386e-15 5.386363420074386e-15 2.5494175618145672e-14
1042 1.1232772114461175e-14 2.3002263715620155e-14 2.2963926609427453e-14
1043 -1.1232772114461175e-14 -2.3002263715620155e-14 2.2963926609427453e-14
1044 -5.386363420074386e-15 -5.386363420074386e-15 2.5494175618145672e-14
1045 0.0 0.0 2.547500706504932e-14
1046 -0.22694964547266638 -4.40876721216053e-15 1.7893844315442844e-14
1047 0.0 0.0 2.3021432268716503e-14
1048 1.6647888364180087e-14 -0.2269496454726676 1.6628719811083737e-14
1049 -2.176589204090557e-14 0.0 2.176589204090557e-14
1050 -2.4344062432364663e-15 2.299267943907198e-14 2.299267943907198e-14
1051 4.8688124864729326e-15 -2.4229051113786564e-14 2.4229051113786564e-14
1052 1.1501131857810078e-14 -1.198034568521883e-15 2.299267943907198e-14
1053 -2.4229051113786564e-14 4.8688124864729326e-15 2.4229051113786564e-14
1054 2.3002263715620155e-14 2.3002263715620155e-14 2.2963926609427453e-14
1055 0.22694964547265878 -1.6638304087631912e-14 1.659996698143921e-14
1056 1.0734389733956072e-14 1.0734389733956072e-14 2.2963926609427453e-14
1057 -2.3002263715620155e-14 -2.3002263715620155e-14 2.2963926609427453e-14
1058 -2.204383606080265e-15 -5.386363420074386e-15 2.4257803943431087e-14
1059 4.380014382516005e-15 0.0 2.5484591341597496e-14
1060 2.3002263715620155e-14 1.1232772114461175e-14 2.2963926609427453e-14
1061 -2.3002263715620155e-14 -2.3002263715620155e-14 2.2963926609427453e-14
1062 2.299267943907198e-14 -2.4344062432364663e-15 2.299267943907198e-14
1063 0.22694964547265678 3.661193641402875e-15 1.786509148579832e-14
1064 1.0734389733956072e-14 1.0734389733956072e-14 2.2963926609427453e-14
1065 -1.0734389733956072e-14 -1.0734389733956072e-14 2.2963926609427453e-14
1066 -4.619621296220381e-15 1.1769491601158979e-14 2.4229051113786564e-14
1067 0.0 -2.421946683723839e-14 2.421946683723839e-14
1068 -1.198034568521883e-15 1.1501131857810078e-14 2.299267943907198e-14
1069 4.8688124864729326e-15 -2.4229051113786564e-14 2.4229051113786564e-14
1070 1.1501131857810078e-14 -1.198034568521883e-15 2.299267943907198e-14
1071 -1.1769491601158979e-14 4.619621296220381e-15 2.4229051113786564e-14
1072 -4.8688124864729326e-15 2.4229051113786564e-14 2.4229051113786564e-14
1073 0.0 0.226949645472658 1.7855507209250145e-14
1074 -1.198034568521883e-15 1.1501131857810078e-14 2.299267943907198e-14
1075 4.619621296220381e-15 -1.1769491601158979e-14 2.4229051113786564e-14
1076 2.3002263715620155e-14 2.3002263715620155e-14 2.2963926609427453e-14
1077 0.1702122341044915 0.1702122341044915 1.025517590654732e-14
1078 0.22694964547265678 -3.661193641402875e-15 -1.786509148579832e-14
1079 2.421946683723839e-14 0.0 -2.421946683723839e-14
1080 -2.2963926609427453e-14 1.1232772114461175e-14 -2.3002263715620155e-14
1081 1.0772726840148772e-14 -1.0772726840148772e-14 -2.2963926609427453e-14
1082 -2.4229051113786564e-14 -4.8688124864729326e-15 -2.4229051113786564e-14
1083 2.421946683723839e-14 0.0 -2.421946683723839e-14
1084 -1.1232772114461175e-14 2.2963926609427453e-14 -2.3002263715620155e-14
1085 1.1232772114461175e-14 -2.2963926609427453e-14 -2.3002263715620155e-14
1086 -2.2963926609427453e-14 2.2963926609427453e-14 -2.3002263715620155e-14
1087 7.801601110214502e-15 0.22694964547265578 -1.659996698143921e-14
1088 0.0 2.421946683723839e-14 -2.421946683723839e-14
1089 -3.661193641402875e-15 0.22694964547265678 -1.786509148579832e-14
1090 0.0 -0.22694964547266835 -1.788426003889467e-14
1091 -6.392712457632768e-15 0.0 -2.303101654526468e-14
1092 -1.0772726840148772e-14 1.0772726840148772e-14 -2.2963926609427453e-14
1093 1.0772726840148772e-14 -1.0772726840148772e-14 -2.2963926609427453e-14
1094 -1.1529884687454602e-14 -1.198034568521883e-15 -2.299267943907198e-14
1095 1.1769491601158979e-14 4.619621296220381e-15 -2.4229051113786564e-14
1096 -2.2963926609427453e-14 2.2963926609427453e-14 -2.3002263715620155e-14
1097 1.659996698143921e-14 0.22694964547265878 -1.6638304087631912e-14
1098 5.376779143526211e-15 -5.376779143526211e-15 -2.5494175618145672e-14
1099 -1.198034568521883e-15 0.0 -2.4248219666882912e-14
1100 0.0 -3.172395537445946e-15 -2.1794644870550097e-14
1101 -0.22694964547266638 4.40876721216053e-15 -1.7893844315442844e-14
1102 0.22694964547265578 7.801601110214502e-15 -1.659996698143921e-14
1103 2.2963926609427453e-14 -1.1232772114461175e-14 -2.3002263715620155e-14
1104 -2.299267943907198e-14 -2.4344062432364663e-15 -2.299267943907198e-14
1105 1.1769491601158979e-14 4.619621296220381e-15 -2.4229051113786564e-14
1106 0.0 1.1529884687454602e-14 -2.421946683723839e-14
1107 -4.619621296220381e-15 -1.1769491601158979e-14 -2.4229051113786564e-14
1108 4.8688124864729326e-15 2.4229051113786564e-14 -2.4229051113786564e-14
1109 -1.207618845070058e-15 0.226949645472658 -1.6628719811083737e-14
1110 -2.2963926609427453e-14 1.1232772114461175e-14 -2.3002263715620155e-14
1111 2.2963926609427453e-14 -1.1232772114461175e-14 -2.3002263715620155e-14
1112 4.619621296220381e-15 1.1769491601158979e-14 -2.4229051113786564e-14
1113 -1.198034568521883e-15 -1.1529884687454602e-14 -2.299267943907198e-14
1114 -2.2963926609427453e-14 1.1232772114461175e-14 -2.3002263715620155e-14
1115 1.1232772114461175e-14 -2.2963926609427453e-14 -2.3002263715620155e-14
1116 -1.6628719811083737e-14 -0.2269496454726676 -1.6647888364180087e-14
1117 2.176589204090557e-14 0.0 -2.176589204090557e-14
1118 4.8688124864729326e-15 2.4229051113786564e-14 -2.4229051113786564e-14
1119 -2.4344062432364663e-15 -2.299267943907198e-14 -2.299267943907198e-14
1120 4.619621296220381e-15 1.1769491601158979e-14 -2.4229051113786564e-14
1121 -2.4344062432364663e-15 -2.299267943907198e-14 -2.299267943907198e-14
1122 0.1702122341044937 -0.1702122341044981 -1.0264760183095493e-14
1123 2.176589204090557e-14 0.0 -2.176589204090557e-14
1124 -1.1232772114461175e-14 2.2963926609427453e-14 -2.3002263715620155e-14
1125 7.801601110214502e-15 0.22694964547265578 -1.659996698143921e-14
1126 0.22694964547265578 7.801601110214502e-15 -1.659996698143921e-14
1127 2.2963926609427453e-14 -2.2963926609427453e-14 -2.3002263715620155e-14
1128 0.0 2.421946683723839e-14 -2.421946683723839e-14
1129 -4.8688124864729326e-15 -2.4229051113786564e-14 -2.4229051113786564e-14
1130 -0.22694964547266638 0.0 -1.5392348136369152e-14
1131 0.0 -0.22694964547266638 -1.5392348136369152e-14
1132 0.0 -4.380014382516005e-15 -2.5484591341597496e-14
1133 -4.380014382516005e-15 0.0 -2.5484591341597496e-14
1134 -1.0772726840148772e-14 1.0772726840148772e-14 -2.2963926609427453e-14
1135 1.1232772114461175e-14 -2.2963926609427453e-14 -2.3002263715620155e-14
1136 -8.577927510616683e-15 -0.22694964547266538 -1.6628719811083737e-14
1137 1.1529884687454602e-14 0.0 -2.176589204090557e-14
1138 -2.2963926609427453e-14 1.1232772114461175e-14 -2.3002263715620155e-14
1139 2.2963926609427453e-14 -2.2963926609427453e-14 -2.3002263715620155e-14
1140 -2.4229051113786564e-14 -4.8688124864729326e-15 -2.4229051113786564e-14
1141 1.1529884687454602e-14 0.0 -2.421946683723839e-14
1142 -1.1769491601158979e-14 -4.619621296220381e-15 -2.4229051113786564e-14
1143 1.1529884687454602e-14 0.0 -2.421946683723839e-14
1144 4.40876721216053e-15 -0.22694964547266638 -1.7893844315442844e-14
1145 -3.172395537445946e-15 0.0 -2.1794644870550097e-14
1146 -2.299267943907198e-14 -2.4344062432364663e-15 -2.299267943907198e-14
1147 2.4229051113786564e-14 4.8688124864729326e-15 -2.4229051113786564e-14
1148 0.226949645472658 -1.207618845070058e-15 -1.6628719811083737e-14
1149 2.4229051113786564e-14 4.8688124864729326e-15 -2.4229051113786564e-14
1150 0.22694964547265878 1.659996698143921e-14 -1.6638304087631912e-14
1151 2.2963926609427453e-14 -2.2963926609427453e-14 -2.3002263715620155e-14
1152 -2.2963926609427453e-14 2.2963926609427453e-14 -2.3002263715620155e-14
1153 1.1232772114461175e-14 -2.2963926609427453e-14 -2.3002263715620155e-14
1154 0.0 1.1529884687454602e-14 -2.176589204090557e-14
1155 -0.2269496454726676 -1.6628719811083737e-14 -1.6647888364180087e-14
1156 0.0 1.1529884687454602e-14 -2.176589204090557e-14
1157 -0.22694964547266538 -8.577927510616683e-15 -1.6628719811083737e-14
1158 0.0 2.176589204090557e-14 -2.176589204090557e-14
1159 -0.1702122341044981 0.1702122341044937 -1.0264760183095493e-14
1160 0.0 -1.198034568521883e-15 -2.4248219666882912e-14
1161 -5.376779143526211e-15 5.376779143526211e-15 -2.5494175618145672e-14
1162 -1.6628719811083737e-14 -0.2269496454726676 -1.6647888364180087e-14
1163 1.1529884687454602e-14 0.0 -2.176589204090557e-14
1164 0.0 1.1529884687454602e-14 -2.421946683723839e-14
1165 -4.8688124864729326e-15 -2.4229051113786564e-14 -2.4229051113786564e-14
1166 -2.2963926609427453e-14 2.2963926609427453e-14 -2.3002263715620155e-14
1167 2.2963926609427453e-14 -2.2963926609427453e-14 -2.3002263715620155e-14
1168 5.386363420074386e-15 -2.204383606080265e-15 -2.4257803943431087e-14
1169 -2.204383606080265e-15 5.386363420074386e-15 -2.4257803943431087e-14
1170 0.0 2.176589204090557e-14 -2.176589204090557e-14
1171 -0.2269496454726676 -1.6628719811083737e-14 -1.6647888364180087e-14
1172 0.0 -6.392712457632768e-15 -2.303101654526468e-14
1173 -0.22694964547266835 0.0 -1.788426003889467e-14
1174 0.22694964547265878 1.659996698143921e-14 -1.6638304087631912e-14
1175 1.659996698143921e-14 0.22694964547265878 -1.6638304087631912e-14
1176 -4.619621296220381e-15 1.1769491601158979e-14 2.4229051113786564e-14
1177 0.0 -2.421946683723839e-14 2.421946683723839e-14
1178 -1.198034568521883e-15 1.1501131857810078e-14 2.299267943907198e-14
1179 4.8688124864729326e-15 -2.4229051113786564e-14 2.4229051113786564e-14
1180 2.3002263715620155e-14 2.3002263715620155e-14 2.2963926609427453e-14
1181 -1.6638304087631912e-14 0.22694964547265878 1.659996698143921e-14
1182 -2.4344062432364663e-15 2.299267943907198e-14 2.299267943907198e-14
1183 3.661193641402875e-15 0.22694964547265678 1.786509148579832e-14
1184 1.6647888364180087e-14 -0.2269496454726676 1.6628719811083737e-14
1185 -2.176589204090557e-14 0.0 2.176589204090557e-14
1186 2.3002263715620155e-14 1.1232772114461175e-14 2.2963926609427453e-14
1187 -2.3002263715620155e-14 -1.1232772114461175e-14 2.2963926609427453e-14
1188 -2.4344062432364663e-15 2.299267943907198e-14 2.299267943907198e-14
1189 4.8688124864729326e-15 -2.4229051113786564e-14 2.4229051113786564e-14
1190 -0.22694964547266638 -4.40876721216053e-15 1.7893844315442844e-14
1191 0.0 0.0 2.3021432268716503e-14
1192 -0.22694964547266538 8.558758957520332e-15 1.6628719811083737e-14
1193 0.0 -1.1501131857810078e-14 2.176589204090557e-14
1194 2.3002263715620155e-14 1.1232772114461175e-14 2.2963926609427453e-14
1195 0.22694964547265578 -7.801601110214502e-15 1.659996698143921e-14
1196 1.1769491601158979e-14 -4.619621296220381e-15 2.4229051113786564e-14
1197 -2.421946683723839e-14 0.0 2.421946683723839e-14
1198 -4.8688124864729326e-15 2.4229051113786564e-14 2.4229051113786564e-14
1199 0.0 0.226949645472658 1.7855507209250145e-14
1200 -4.619621296220381e-15 1.1769491601158979e-14 2.4229051113786564e-14
1201 0.0 -1.1501131857810078e-14 2.421946683723839e-14
1202 -2.1852150529839146e-15 -2.1852150529839146e-15 2.3021432268716503e-14
1203 5.386363420074386e-15 5.386363420074386e-15 2.5494175618145672e-14
1204 -0.22694964547266538 8.558758957520332e-15 1.6628719811083737e-14
1205 0.0 -2.176589204090557e-14 2.176589204090557e-14
1206 8.558758957520332e-15 -0.22694964547266538 1.6628719811083737e-14
1207 -2.176589204090557e-14 0.0 2.176589204090557e-14
1208 1.6647888364180087e-14 -0.2269496454726676 1.6628719811083737e-14
1209 0.226949645472658 0.0 1.5401932412917328e-14
1210 1.1232772114461175e-14 2.3002263715620155e-14 2.2963926609427453e-14
1211 -2.3002263715620155e-14 -2.3002263715620155e-14 2.2963926609427453e-14
1212 1.1501131857810078e-14 -1.198034568521883e-15 2.299267943907198e-14
1213 -1.1769491601158979e-14 4.619621296220381e-15 2.4229051113786564e-14
1214 0.0 0.0 2.0529520366190987e-14
1215 -0.1702122341045001 -0.1702122341045001 1.0274344459643669e-14
1216 2.3002263715620155e-14 1.1232772114461175e-14 2.2963926609427453e-14
1217 -2.3002263715620155e-14 -2.3002263715620155e-14 2.2963926609427453e-14
1218 2.299267943907198e-14 -2.4344062432364663e-15 2.299267943907198e-14
1219 -2.4229051113786564e-14 4.8688124864729326e-15 2.4229051113786564e-14
1220 2.3002263715620155e-14 1.1232772114461175e-14 2.2963926609427453e-14
1221 0.22694964547265878 -1.6638304087631912e-14 1.659996698143921e-14
1222 1.1232772114461175e-14 2.3002263715620155e-14 2.2963926609427453e-14
1223 -1.1232772114461175e-14 -2.3002263715620155e-14 2.2963926609427453e-14
1224 1.0734389733956072e-14 1.0734389733956072e-14 2.2963926609427453e-14
1225 -1.0734389733956072e-14 -1.0734389733956072e-14 2.2963926609427453e-14
1226 -0.22694964547266736 -2.1947993295320897e-15 1.6657472640728263e-14
1227 0.0 6.392712457632768e-15 2.303101654526468e-14
1228 -5.386363420074386e-15 -5.386363420074386e-15 2.5494175618145672e-14
1229 0.0 0.0 2.547500706504932e-14
1230 -2.204383606080265e-15 -5.386363420074386e-15 2.4257803943431087e-14
1231 4.380014382516005e-15 0.0 2.5484591341597496e-14
1232 1.0734389733956072e-14 1.0734389733956072e-14 2.2963926609427453e-14
1233 -2.3002263715620155e-14 -1.1232772114461175e-14 2.2963926609427453e-14
1234 -4.8688124864729326e-15 2.4229051113786564e-14 2.4229051113786564e-14
1235 0.0 -2.421946683723839e-14 2.421946683723839e-14
1236 2.299267943907198e-14 -2.4344062432364663e-15 2.299267943907198e-14
1237 0.22694964547265678 3.661193641402875e-15 1.786509148579832e-14
1238 -2.1947993295320897e-15 -0.22694964547266736 1.6657472640728263e-14
1239 6.392712457632768e-15 0.0 2.303101654526468e-14
1240 -0.2269496454726676 1.6647888364180087e-14 1.6628719811083737e-14
1241 0.0 -2.176589204090557e-14 2.176589204090557e-14
1242 -5.386363420074386e-15 -2.204383606080265e-15 2.4257803943431087e-14
1243 0.0 4.380014382516005e-15 2.5484591341597496e-14
1244 1.1232772114461175e-14 2.3002263715620155e-14 2.2963926609427453e-14
1245 -1.6638304087631912e-14 0.22694964547265878 1.659996698143921e-14
1246 2.3002263715620155e-14 2.3002263715620155e-14 2.2963926609427453e-14
1247 0.22694964547265878 -1.6638304087631912e-14 1.659996698143921e-14
1248 2.3002263715620155e-14 2.3002263715620155e-14 2.2963926609427453e-14
1249 -2.3002263715620155e-14 -2.3002263715620155e-14 2.2963926609427453e-14
1250 -1.198034568521883e-15 1.1501131857810078e-14 2.299267943907198e-14
1251 4.619621296220381e-15 -1.1769491601158979e-14 2.4229051113786564e-14
1252 2.4229051113786564e-14 -4.8688124864729326e-15 2.4229051113786564e-14
1253 -2.421946683723839e-14 0.0 2.421946683723839e-14
1254 1.1501131857810078e-14 -1.198034568521883e-15 2.299267943907198e-14
1255 -2.4229051113786564e-14 4.8688124864729326e-15 2.4229051113786564e-14
1256 8.558758957520332e-15 -0.22694964547266538 1.6628719811083737e-14
1257 -1.1501131857810078e-14 0.0 2.176589204090557e-14
1258 -0.2269496454726676 1.6647888364180087e-14 1.6628719811083737e-14
1259 0.0 0.226949645472658 1.5401932412917328e-14
1260 -4.40876721216053e-15 -0.22694964547266638 1.7893844315442844e-14
1261 0.0 0.0 2.3021432268716503e-14
1262 1.1232772114461175e-14 2.3002263715620155e-14 2.2963926609427453e-14
1263 -7.801601110214502e-15 0.22694964547265578 1.659996698143921e-14
1264 2.4229051113786564e-14 -4.8688124864729326e-15 2.4229051113786564e-14
1265 0.226949645472658 0.0 1.7855507209250145e-14
1266 1.1769491601158979e-14 -4.619621296220381e-15 2.4229051113786564e-14
1267 -1.1501131857810078e-14 0.0 2.421946683723839e-14
1268 1.0734389733956072e-14 1.0734389733956072e-14 2.2963926609427453e-14
1269 -1.1232772114461175e-14 -2.3002263715620155e-14 2.2963926609427453e-14
1270 1.0734389733956072e-14 1.0734389733956072e-14 2.2963926609427453e-14
1271 -2.3002263715620155e-14 -2.3002263715620155e-14 2.2963926609427453e-14
1272 2.3002263715620155e-14 2.3002263715620155e-14 2.2963926609427453e-14
1273 0.1702122341044915 0.1702122341044915 1.025517590654732e-14
1274 -1.659996698143921e-14 1.661913553453556e-14 0.22694964547265878
1275 7.801601110214502e-15 -1.659996698143921e-14 0.22694964547265578
1276 -5.12758795327366e-15 -0.17021223410449582 0.17021223410449074
1277 8.07954513011158e-15 0.0 0.22694964547265503
1278 4.1499917453598025e-15 -4.169160298456153e-15 0.22694964547265478
1279 2.8752829644525195e-17 0.0 0.22694964547265728
1280 0.0 8.07954513011158e-15 0.22694964547265503
1281 -0.1702122341044981 -1.0264760183095493e-14 0.1702122341044937
1282 0.0 -5.165925059466359e-15 0.22694964547265603
1283 -0.17021223410449882 0.0 0.17021223410449296
1284 0.0 -1.945608139279538e-15 0.22694964547265728
1285 -0.17021223410449682 3.1915640905422963e-15 0.17021223410449174
1286 0.1702122341044885 4.370430105967829e-15 0.1702122341044885
1287 1.659996698143921e-14 -7.801601110214502e-15 0.22694964547265578
1288 -1.6628719811083737e-14 -1.207618845070058e-15 0.226949645472658
1289 1.786509148579832e-14 3.661193641402875e-15 0.22694964547265678
1290 -1.659996698143921e-14 7.801601110214502e-15 0.22694964547265578
1291 7.32238728280575e-15 -7.32238728280575e-15 0.2269496454726528
1292 -8.319152043815956e-15 -3.392833898053973e-15 0.22694964547265378
1293 8.07954513011158e-15 0.0 0.22694964547265503
1294 0.1134748227363264 -0.11347482273632857 0.1134748227363264
1295 1.5401932412917328e-14 0.0 0.226949645472658
1296 -1.659996698143921e-14 7.801601110214502e-15 0.22694964547265578
1297 1.661913553453556e-14 -1.659996698143921e-14 0.22694964547265878
1298 0.0 8.07954513011158e-15 0.22694964547265503
1299 -3.392833898053973e-15 -8.319152043815956e-15 0.22694964547265378
1300 3.392833898053973e-15 8.319152043815956e-15 0.22694964547265378
1301 2.8752829644525195e-17 -8.07954513011158e-15 0.22694964547265503
1302 -1.6628719811083737e-14 -1.207618845070058e-15 0.226949645472658
1303 8.319152043815956e-15 3.392833898053973e-15 0.22694964547265378
1304 -7.32238728280575e-15 7.32238728280575e-15 0.2269496454726528
1305 7.801601110214502e-15 -1.659996698143921e-14 0.22694964547265578
1306 -7.801601110214502e-15 1.659996698143921e-14 0.22694964547265578
1307 4.370430105967829e-15 0.1702122341044885 0.1702122341044885
1308 0.0 8.07954513011158e-15 0.22694964547265503
1309 -0.17021223410449582 -5.12758795327366e-15 0.17021223410449074
1310 -1.661913553453556e-14 1.659996698143921e-14 0.22694964547265878
1311 4.370430105967829e-15 0.1702122341044885 0.1702122341044885
1312 0.0 1.7855507209250145e-14 0.226949645472658
1313 -2.4344062432364663e-15 0.1702122341044895 0.1702122341044895
1314 0.1702122341044885 4.370430105967829e-15 0.1702122341044885
1315 1.659996698143921e-14 -1.661913553453556e-14 0.22694964547265878
1316 4.159576021907978e-15 -9.775962079138566e-16 0.22694964547265603
1317 -9.775962079138566e-16 4.159576021907978e-15 0.22694964547265603
1318 0.0 -3.1532269843495963e-15 0.22694964547265603
1319 -3.1532269843495963e-15 0.0 0.22694964547265603
1320 3.392833898053973e-15 8.319152043815956e-15 0.22694964547265378
1321 -1.207618845070058e-15 -1.6628719811083737e-14 0.226949645472658
1322 -1.786509148579832e-14 -3.661193641402875e-15 0.22694964547265678
1323 1.7855507209250145e-14 0.0 0.226949645472658
1324 0.17021223410449074 1.916855309635013e-17 0.17021223410449074
1325 1.786509148579832e-14 3.661193641402875e-15 0.22694964547265678
1326 0.0 1.5401932412917328e-14 0.226949645472658
1327 -0.1702122341044981 -1.0264760183095493e-14 0.1702122341044937
1328 -1.661913553453556e-14 1.659996698143921e-14 0.22694964547265878
1329 1.659996698143921e-14 -1.661913553453556e-14 0.22694964547265878
1330 0.0 2.8752829644525195e-17 0.22694964547265728
1331 -4.169160298456153e-15 4.1499917453598025e-15 0.22694964547265478
1332 -1.659996698143921e-14 7.801601110214502e-15 0.22694964547265578
1333 7.801601110214502e-15 -1.659996698143921e-14 0.22694964547265578
1334 -8.07954513011158e-15 2.8752829644525195e-17 0.22694964547265503
1335 8.319152043815956e-15 3.392833898053973e-15 0.22694964547265378
1336 3.661193641402875e-15 1.786509148579832e-14 0.22694964547265678
1337 -1.207618845070058e-15 -1.6628719811083737e-14 0.226949645472658
1338 0.0 1.7855507209250145e-14 0.226949645472658
1339 -3.661193641402875e-15 -1.786509148579832e-14 0.22694964547265678
1340 0.0 -0.17021223410449882 0.17021223410449296
1341 -5.165925059466359e-15 0.0 0.22694964547265603
1342 0.1702122341044915 1.025517590654732e-14 0.1702122341044915
1343 1.659996698143921e-14 -1.661913553453556e-14 0.22694964547265878
1344 -1.786509148579832e-14 -3.661193641402875e-15 0.22694964547265678
1345 8.07954513011158e-15 0.0 0.22694964547265503
1346 -7.32238728280575e-15 7.32238728280575e-15 0.2269496454726528
1347 7.32238728280575e-15 -7.32238728280575e-15 0.2269496454726528
1348 -1.0264760183095493e-14 -0.1702122341044981 0.1702122341044937
1349 1.5401932412917328e-14 0.0 0.226949645472658
1350 3.661193641402875e-15 1.786509148579832e-14 0.22694964547265678
1351 1.916855309635013e-17 0.17021223410449074 0.17021223410449074
1352 -1.0264760183095493e-14 -0.1702122341044981 0.1702122341044937
1353 8.07954513011158e-15 0.0 0.22694964547265503
1354 0.1702122341044895 -2.4344062432364663e-15 0.1702122341044895
1355 1.7855507209250145e-14 0.0 0.226949645472658
1356 -7.801601110214502e-15 1.659996698143921e-14 0.22694964547265578
1357 7.801601110214502e-15 -1.659996698143921e-14 0.22694964547265578
1358 -1.659996698143921e-14 7.801601110214502e-15 0.22694964547265578
1359 1.659996698143921e-14 -7.801601110214502e-15 0.22694964547265578
1360 -1.661913553453556e-14 1.659996698143921e-14 0.22694964547265878
1361 1.025517590654732e-14 0.1702122341044915 0.1702122341044915
1362 0.0 -0.17021223410449687 0.17021223410449296
1363 -0.17021223410449687 0.0 0.17021223410449296
1364 3.1915640905422963e-15 -0.17021223410449682 0.17021223410449174
1365 -1.945608139279538e-15 0.0 0.22694964547265728
1366 0.0 1.5401932412917328e-14 0.226949645472658
1367 -0.11347482273632857 0.1134748227363264 0.1134748227363264
1368 0.0 8.07954513011158e-15 0.22694964547265503
1369 -3.661193641402875e-15 -1.786509148579832e-14 0.22694964547265678
1370 0.1702122341044915 1.025517590654732e-14 0.1702122341044915
1371 1.025517590654732e-14 0.1702122341044915 0.1702122341044915
