108 -198.65611969102676 -1.8394085156576552
256 -532.4800095249336 -2.080000037206772
500 -1117.0432554231172 -2.234086510846234
864 -2022.6746505467845 -2.3410586233180375
1372 -3319.7106933884756 -2.419614208009093
2048 -5078.491483296492 -2.4797321695783654
108 -154.7957616328464 -1.4332940891930221
256 -404.5329237338181 -1.580206733335227
500 -835.8971128173928 -1.6717942256347855
864 -1498.422972605782 -1.7342858479233587
1372 -2441.645146821994 -1.7796247425816283
2048 -3715.098279189283 -1.814012831635392
