2.100823741471764539e+00 2.100823741471764539e+00 2.919390628698654124e-04
2.096474936366481134e-02 2.096474936366481134e-02 2.096474936366413827e-02
-1.475248374351341776e-03 4.164278974759080931e+00 -1.475248374351479470e-03
2.094503503644895126e+00 6.233755272150488302e+00 -8.764560513662743649e-03
7.250869277441113550e-03 8.299006091899038040e+00 7.250869277440587062e-03
2.101993908100963981e+00 1.039374913072255779e+01 7.250869277440607011e-03
4.164278974759080931e+00 -1.475248374351338090e-03 -1.475248374351486192e-03
6.233755272150488302e+00 2.094503503644895126e+00 -8.764560513662745384e-03
4.166311966825533730e+00 4.166311966825533730e+00 -1.733639290692708113e-02
6.234688033174468735e+00 6.234688033174468735e+00 -1.733639290692646009e-02
4.167244727849514163e+00 8.306496496355107340e+00 -8.764560513663147839e-03
6.236721025240919758e+00 1.040247524837435478e+01 -1.475248374351756158e-03
8.299006091899038040e+00 7.250869277441113550e-03 7.250869277440587929e-03
1.039374913072255779e+01 2.101993908100963981e+00 7.250869277440612215e-03
8.306496496355107340e+00 4.167244727849514163e+00 -8.764560513663146105e-03
1.040247524837435478e+01 6.236721025240919758e+00 -1.475248374351757026e-03
8.300176258528237483e+00 8.300176258528237483e+00 2.919390628714371261e-04
1.038003525063633958e+01 1.038003525063633958e+01 2.096474936366496053e-02
6.235523698383543589e+00 4.165476301616459764e+00 2.086907713910306938e+00
4.165476301616459764e+00 6.235523698383543589e+00 2.086907713910306938e+00
2.095016331942233911e+00 8.305983668057768554e+00 2.095016331942233467e+00
7.250869277440301700e-03 1.039374913072255779e+01 2.101993908100963537e+00
6.233643085580926169e+00 8.309657505394532961e+00 2.091342494605469060e+00
4.167244727849514163e+00 1.040976456051366483e+01 2.094503503644894682e+00
2.091342494605468616e+00 4.167356914419075409e+00 2.091342494605468616e+00
-8.764560513662896304e-03 6.233755272150488302e+00 2.094503503644894238e+00
1.039374913072255779e+01 7.250869277440304302e-03 2.101993908100963537e+00
8.305983668057768554e+00 2.095016331942233911e+00 2.095016331942233467e+00
6.233755272150488302e+00 -8.764560513662882427e-03 2.094503503644894238e+00
4.167356914419075409e+00 2.091342494605468616e+00 2.091342494605468616e+00
1.040976456051366483e+01 4.167244727849514163e+00 2.094503503644894682e+00
8.309657505394532961e+00 6.233643085580926169e+00 2.091342494605469060e+00
2.919390628703368777e-04 2.100823741471764095e+00 2.100823741471764095e+00
2.100823741471764095e+00 2.919390628703354140e-04 2.100823741471764095e+00
1.040070806093713252e+01 8.300176258528237483e+00 2.100823741471764095e+00
8.300176258528237483e+00 1.040070806093713252e+01 2.100823741471764095e+00
-8.764560513663371619e-03 8.306496496355105563e+00 4.167244727849513275e+00
2.094503503644894682e+00 1.040976456051366483e+01 4.167244727849513275e+00
2.091342494605468616e+00 2.091342494605468616e+00 4.167356914419076297e+00
-1.475248374351392517e-03 -1.475248374351396854e-03 4.164278974759080931e+00
8.306496496355105563e+00 -8.764560513663361210e-03 4.167244727849513275e+00
1.040976456051366483e+01 2.094503503644894682e+00 4.167244727849513275e+00
4.164372621347069092e+00 4.164372621347069092e+00 4.164372621347068204e+00
6.236627378652934262e+00 6.236627378652934262e+00 4.164372621347069092e+00
-1.733639290692731011e-02 4.166311966825532842e+00 4.166311966825532842e+00
2.086907713910306938e+00 6.235523698383543589e+00 4.165476301616458876e+00
8.314092286089694639e+00 4.165476301616459764e+00 4.165476301616459764e+00
1.041833639290693192e+01 6.234688033174469624e+00 4.166311966825533730e+00
4.166311966825532842e+00 -1.733639290692729970e-02 4.166311966825532842e+00
6.235523698383543589e+00 2.086907713910306938e+00 4.165476301616458876e+00
4.165476301616459764e+00 8.314092286089694639e+00 4.165476301616459764e+00
6.234688033174469624e+00 1.041833639290693192e+01 4.166311966825533730e+00
8.309657505394532961e+00 8.309657505394532961e+00 4.167356914419076297e+00
1.040247524837435655e+01 1.040247524837435655e+01 4.164278974759081819e+00
1.040247524837435478e+01 -1.475248374351605237e-03 6.236721025240918870e+00
8.309657505394532961e+00 2.091342494605469060e+00 6.233643085580925280e+00
2.086907713910307383e+00 4.165476301616459764e+00 6.235523698383542701e+00
-1.733639290692633173e-02 6.234688033174468735e+00 6.234688033174468735e+00
-8.764560513663170391e-03 2.094503503644894238e+00 6.233755272150488302e+00
2.094503503644894238e+00 -8.764560513663173860e-03 6.233755272150488302e+00
6.235523698383543589e+00 8.314092286089696415e+00 6.235523698383543589e+00
4.166311966825533730e+00 1.041833639290693192e+01 6.234688033174467847e+00
1.041833639290693192e+01 4.166311966825533730e+00 6.234688033174467847e+00
8.314092286089696415e+00 6.235523698383543589e+00 6.235523698383543589e+00
2.091342494605469060e+00 8.309657505394532961e+00 6.233643085580925280e+00
-1.475248374351605671e-03 1.040247524837435478e+01 6.236721025240918870e+00
6.236627378652934262e+00 4.164372621347068204e+00 6.236627378652933373e+00
4.164372621347068204e+00 6.236627378652934262e+00 6.236627378652933373e+00
6.234688033174468735e+00 -1.733639290692631091e-02 6.234688033174468735e+00
4.165476301616459764e+00 2.086907713910307383e+00 6.235523698383542701e+00
1.040976456051366661e+01 8.306496496355109116e+00 6.233755272150488302e+00
8.306496496355109116e+00 1.040976456051366661e+01 6.233755272150488302e+00
4.167356914419075409e+00 8.309657505394532961e+00 8.309657505394531185e+00
6.233755272150488302e+00 1.040976456051366661e+01 8.306496496355107340e+00
4.165476301616459764e+00 4.165476301616459764e+00 8.314092286089694639e+00
6.235523698383543589e+00 6.235523698383543589e+00 8.314092286089694639e+00
-8.764560513663205085e-03 4.167244727849513275e+00 8.306496496355105563e+00
2.091342494605468616e+00 6.233643085580926169e+00 8.309657505394532961e+00
8.309657505394532961e+00 4.167356914419075409e+00 8.309657505394531185e+00
1.040976456051366661e+01 6.233755272150488302e+00 8.306496496355107340e+00
2.919390628718563328e-04 8.300176258528237483e+00 8.300176258528237483e+00
2.100823741471764095e+00 1.040070806093713252e+01 8.300176258528235707e+00
2.095016331942233911e+00 2.095016331942233911e+00 8.305983668057766778e+00
7.250869277440707625e-03 7.250869277440708492e-03 8.299006091899038040e+00
8.300176258528237483e+00 2.919390628718528092e-04 8.300176258528237483e+00
1.040070806093713252e+01 2.100823741471764095e+00 8.300176258528235707e+00
4.167244727849513275e+00 -8.764560513663205085e-03 8.306496496355105563e+00
6.233643085580926169e+00 2.091342494605468616e+00 8.309657505394532961e+00
8.305983668057768554e+00 8.305983668057768554e+00 8.305983668057766778e+00
1.039374913072256135e+01 1.039374913072256135e+01 8.299006091899039816e+00
6.236721025240918870e+00 -1.475248374351630825e-03 1.040247524837435478e+01
4.167244727849513275e+00 2.094503503644895126e+00 1.040976456051366483e+01
2.100823741471764095e+00 8.300176258528235707e+00 1.040070806093713252e+01
2.096474936366535258e-02 1.038003525063633958e+01 1.038003525063633958e+01
1.040247524837435478e+01 4.164278974759081819e+00 1.040247524837435478e+01
8.306496496355107340e+00 6.233755272150488302e+00 1.040976456051366483e+01
6.234688033174468735e+00 4.166311966825534618e+00 1.041833639290693014e+01
4.166311966825534618e+00 6.234688033174468735e+00 1.041833639290693014e+01
1.038003525063633958e+01 2.096474936366535258e-02 1.038003525063633958e+01
8.300176258528235707e+00 2.100823741471764095e+00 1.040070806093713252e+01
6.233755272150488302e+00 8.306496496355107340e+00 1.040976456051366483e+01
4.164278974759081819e+00 1.040247524837435478e+01 1.040247524837435478e+01
2.094503503644895126e+00 4.167244727849513275e+00 1.040976456051366483e+01
-1.475248374351629740e-03 6.236721025240918870e+00 1.040247524837435478e+01
2.101993908100963537e+00 7.250869277440744921e-03 1.039374913072255779e+01
7.250869277440740585e-03 2.101993908100963537e+00 1.039374913072255779e+01
1.039374913072255957e+01 8.299006091899039816e+00 1.039374913072255957e+01
8.299006091899039816e+00 1.039374913072255957e+01 1.039374913072255957e+01
