2.108703835266276361e+00 2.108703835266276805e+00 8.181637432796701540e-03
2.889687380888823418e-02 2.889687380888863316e-02 2.889687380888940338e-02
4.690517303296899698e-03 4.169517716457840528e+00 4.690517303297792213e-03
2.095927308907717279e+00 6.243889143487427518e+00 -5.683982005367393779e-03
2.737792973299084734e-03 8.318538473049502002e+00 2.737792973299762143e-03
2.101325419002619821e+00 1.038686223517580665e+01 -1.825579831584267943e-03
1.458080416817283259e-02 1.245228309272091316e+01 1.458080416817263136e-02
2.109116907279086739e+00 1.454681919583182115e+01 1.458080416817295576e-02
4.169517716457840528e+00 4.690517303297118273e-03 4.690517303297546750e-03
6.243889143487427518e+00 2.095927308907717279e+00 -5.683982005368019147e-03
4.174227503578958220e+00 4.174227503578958220e+00 -1.183268823413849945e-02
6.244574303837022278e+00 6.244574303837023166e+00 -1.972723032528823570e-02
4.170492191892416045e+00 8.316278430075815464e+00 -1.573105555760408170e-02
6.245121569924179106e+00 1.039090780810757764e+01 -1.573105555760441129e-02
4.174537764824197694e+00 1.246007458099737875e+01 -1.825579831584126130e-03
6.242861526950501450e+00 1.455866220702669800e+01 2.737792973300056613e-03
8.318538473049500226e+00 2.737792973299222644e-03 2.737792973298830597e-03
1.038686223517580487e+01 2.101325419002620709e+00 -1.825579831584766676e-03
8.316278430075813688e+00 4.170492191892417821e+00 -1.573105555760465069e-02
1.039090780810757764e+01 6.245121569924179994e+00 -1.573105555760460211e-02
8.316825696162975845e+00 8.316825696162975845e+00 -1.972723032528823917e-02
1.038717249642103546e+01 1.038717249642103546e+01 -1.183268823413688615e-02
8.317510856512571493e+00 1.246547269109227152e+01 -5.683982005366144778e-03
1.039188228354215404e+01 1.455670948269669651e+01 4.690517303294968084e-03
1.245228309272091138e+01 1.458080416817313096e-02 1.458080416817262963e-02
1.454681919583181937e+01 2.109116907279087183e+00 1.458080416817240064e-02
1.246007458099737875e+01 4.174537764824198582e+00 -1.825579831584293313e-03
1.455866220702669800e+01 6.242861526950500561e+00 2.737792973300102149e-03
1.246547269109227329e+01 8.317510856512571493e+00 -5.683982005366221106e-03
1.455670948269669651e+01 1.039188228354215582e+01 4.690517303295388754e-03
1.245269616473371599e+01 1.245269616473371777e+01 8.181637432796545414e-03
1.453250312619110574e+01 1.453250312619110929e+01 2.889687380888705803e-02
8.181637432795594786e-03 2.108703835266276805e+00 2.108703835266277693e+00
2.108703835266276805e+00 8.181637432795825504e-03 2.108703835266277693e+00
1.038686223517580487e+01 -1.825579831584415178e-03 2.101325419002620265e+00
8.315602063149567513e+00 2.093757012101100212e+00 2.093757012101099768e+00
6.243889143487427518e+00 -5.683982005368197823e-03 2.095927308907717279e+00
4.176452774368891951e+00 2.098131935728688724e+00 2.098131935728689168e+00
1.038762469615999784e+01 4.173775303840001172e+00 2.092232934478412965e+00
8.316767256198467351e+00 6.244632743801531660e+00 2.084208105681485623e+00
2.093757012101099768e+00 8.315602063149569290e+00 2.093757012101100212e+00
-1.825579831584815899e-03 1.038686223517580665e+01 2.101325419002620709e+00
1.038976228246512967e+01 8.315854132510201779e+00 2.088229388686086097e+00
8.315854132510201779e+00 1.038976228246512967e+01 2.088229388686086097e+00
6.245545867489792791e+00 4.171637717534862233e+00 2.088229388686084320e+00
4.171637717534861345e+00 6.245545867489793679e+00 2.088229388686084764e+00
1.038494722563110351e+01 1.246326806427130585e+01 2.098131935728689612e+00
8.317510856512573270e+00 1.456708398200536791e+01 2.095927308907717279e+00
2.098131935728688724e+00 4.176452774368891951e+00 2.098131935728689612e+00
-5.683982005367998330e-03 6.243889143487427518e+00 2.095927308907717723e+00
1.454681919583181937e+01 1.458080416817207972e-02 2.109116907279086739e+00
1.245860186737436592e+01 2.102798132625637972e+00 2.102798132625637972e+00
6.244632743801530772e+00 8.316767256198469127e+00 2.084208105681485623e+00
4.173775303840000284e+00 1.038762469615999962e+01 2.092232934478412965e+00
1.456322557983159172e+01 4.174537764824198582e+00 2.101325419002620709e+00
1.246764298789889480e+01 6.245797936850431498e+00 2.093757012101099768e+00
2.102798132625637972e+00 1.245860186737436770e+01 2.102798132625638861e+00
1.458080416817160094e-02 1.454681919583182115e+01 2.109116907279087627e+00
1.456708398200536791e+01 8.317510856512571493e+00 2.095927308907716835e+00
1.246326806427130585e+01 1.038494722563110351e+01 2.098131935728689612e+00
6.245797936850431498e+00 1.246764298789889480e+01 2.093757012101099768e+00
4.174537764824198582e+00 1.456322557983159349e+01 2.101325419002620709e+00
1.455321836256719870e+01 1.245269616473371954e+01 2.108703835266276361e+00
1.245269616473371777e+01 1.455321836256720047e+01 2.108703835266276805e+00
8.317046399741844454e+00 8.317046399741844454e+00 4.166960378273858900e+00
1.038968916963569278e+01 1.038968916963569278e+01 4.171710830364302680e+00
-1.183268823413916038e-02 4.174227503578958220e+00 4.174227503578958220e+00
2.088229388686083876e+00 6.245545867489793679e+00 4.171637717534862233e+00
4.173775303840002060e+00 1.246916706552159049e+01 4.173775303840002060e+00
6.245121569924183547e+00 1.457713105555760080e+01 4.170492191892418710e+00
8.315854132510201779e+00 1.247317061131391469e+01 4.171637717534862233e+00
1.038717249642103546e+01 1.457323268823413365e+01 4.174227503578958220e+00
-1.825579831584412576e-03 1.246007458099738052e+01 4.174537764824199471e+00
2.101325419002620709e+00 1.456322557983159349e+01 4.174537764824198582e+00
4.171710830364302680e+00 4.171710830364302680e+00 4.171710830364302680e+00
6.244353600258150117e+00 6.244353600258150117e+00 4.166960378273857124e+00
1.246007458099737697e+01 -1.825579831584434043e-03 4.174537764824198582e+00
1.456322557983159172e+01 2.101325419002620265e+00 4.174537764824197694e+00
8.316278430075813688e+00 -1.573105555760455007e-02 4.170492191892417821e+00
1.038762469615999606e+01 2.092232934478412520e+00 4.173775303840001172e+00
-1.573105555760437313e-02 8.316278430075815464e+00 4.170492191892416933e+00
2.092232934478412520e+00 1.038762469615999962e+01 4.173775303840001172e+00
1.246916706552158871e+01 4.173775303840002060e+00 4.173775303840001172e+00
1.457713105555760080e+01 6.245121569924183547e+00 4.170492191892418710e+00
2.098131935728688724e+00 2.098131935728688724e+00 4.176452774368891951e+00
4.690517303296719287e-03 4.690517303296832044e-03 4.169517716457840528e+00
8.316463231321806759e+00 4.169229680765790036e+00 4.169229680765790036e+00
1.039217031923421075e+01 6.244936768678191363e+00 4.169229680765790924e+00
1.247317061131391469e+01 8.315854132510201779e+00 4.171637717534862233e+00
1.457323268823413365e+01 1.038717249642103546e+01 4.174227503578957332e+00
4.169229680765789148e+00 8.316463231321808536e+00 4.169229680765790036e+00
6.244936768678191363e+00 1.039217031923421075e+01 4.169229680765790924e+00
4.174227503578958220e+00 -1.183268823413900425e-02 4.174227503578958220e+00
6.245545867489792791e+00 2.088229388686083876e+00 4.171637717534861345e+00
1.246326806427130585e+01 1.246326806427130585e+01 4.176452774368892840e+00
1.455670948269669651e+01 1.455670948269669651e+01 4.169517716457842305e+00
6.243617827054318781e+00 8.317782172945678454e+00 6.243617827054319669e+00
4.169229680765790924e+00 1.039217031923421075e+01 6.244936768678191363e+00
2.088229388686083876e+00 4.171637717534861345e+00 6.245545867489792791e+00
-1.972723032528809345e-02 6.244574303837024054e+00 6.244574303837023166e+00
-5.683982005368464971e-03 2.095927308907717279e+00 6.243889143487427518e+00
2.095927308907717279e+00 -5.683982005368277621e-03 6.243889143487427518e+00
1.455866220702669800e+01 2.737792973299855385e-03 6.242861526950500561e+00
1.246764298789889303e+01 2.093757012101100212e+00 6.245797936850430609e+00
1.039217031923420897e+01 4.169229680765790924e+00 6.244936768678191363e+00
8.317782172945676678e+00 6.243617827054319669e+00 6.243617827054319669e+00
6.244353600258150117e+00 4.166960378273856236e+00 6.244353600258151005e+00
4.166960378273856236e+00 6.244353600258150117e+00 6.244353600258150117e+00
6.244632743801533437e+00 1.247719189431851206e+01 6.244632743801533437e+00
4.170492191892419598e+00 1.457713105555760080e+01 6.245121569924183547e+00
1.457713105555759903e+01 4.170492191892418710e+00 6.245121569924182658e+00
1.247719189431851206e+01 6.244632743801533437e+00 6.244632743801533437e+00
2.084208105681486067e+00 8.316767256198469127e+00 6.244632743801531660e+00
-1.573105555760457436e-02 1.039090780810757764e+01 6.245121569924179994e+00
1.039443962172613922e+01 8.317046399741846230e+00 6.244353600258150117e+00
8.317046399741846230e+00 1.039443962172613922e+01 6.244353600258150117e+00
6.244574303837023166e+00 -1.972723032528837794e-02 6.244574303837023166e+00
4.171637717534861345e+00 2.088229388686083876e+00 6.245545867489792791e+00
1.458112723032528635e+01 8.316825696162977621e+00 6.244574303837024942e+00
1.247317061131391291e+01 1.038976228246513145e+01 6.245545867489793679e+00
2.093757012101100212e+00 1.246764298789889480e+01 6.245797936850431498e+00
2.737792973300616061e-03 1.455866220702669978e+01 6.242861526950501450e+00
1.039090780810757764e+01 -1.573105555760454660e-02 6.245121569924179994e+00
8.316767256198467351e+00 2.084208105681485623e+00 6.244632743801531660e+00
1.038976228246513145e+01 1.247317061131391291e+01 6.245545867489793679e+00
8.316825696162977621e+00 1.458112723032528635e+01 6.244574303837024942e+00
1.456708398200536614e+01 1.246547269109227329e+01 6.243889143487427518e+00
1.246547269109227329e+01 1.456708398200536614e+01 6.243889143487428406e+00
1.246547269109227329e+01 -5.683982005366219371e-03 8.317510856512571493e+00
1.456708398200536614e+01 2.095927308907717279e+00 8.317510856512571493e+00
4.166960378273858900e+00 8.317046399741844454e+00 8.317046399741846230e+00
6.244353600258150117e+00 1.039443962172613922e+01 8.317046399741846230e+00
-5.683982005365664260e-03 1.246547269109227329e+01 8.317510856512571493e+00
2.095927308907718167e+00 1.456708398200536791e+01 8.317510856512573270e+00
8.317782172945676678e+00 8.317782172945678454e+00 8.317782172945678454e+00
1.039217031923421075e+01 1.039217031923420897e+01 8.316463231321808536e+00
8.316825696162975845e+00 -1.972723032528779508e-02 8.316825696162975845e+00
1.038976228246512967e+01 2.088229388686086097e+00 8.315854132510201779e+00
1.247317061131391291e+01 4.171637717534862233e+00 8.315854132510201779e+00
1.458112723032528635e+01 6.244574303837024942e+00 8.316825696162977621e+00
4.169229680765789148e+00 4.169229680765789148e+00 8.316463231321808536e+00
6.243617827054318781e+00 6.243617827054318781e+00 8.317782172945678454e+00
4.170492191892416933e+00 -1.573105555760444252e-02 8.316278430075813688e+00
6.244632743801530772e+00 2.084208105681485179e+00 8.316767256198469127e+00
-1.573105555760450844e-02 4.170492191892416933e+00 8.316278430075813688e+00
2.084208105681485623e+00 6.244632743801530772e+00 8.316767256198469127e+00
8.316767256198469127e+00 1.247719189431850850e+01 8.316767256198469127e+00
1.039090780810757764e+01 1.457713105555759903e+01 8.316278430075817241e+00
1.247719189431851028e+01 8.316767256198469127e+00 8.316767256198469127e+00
1.457713105555759903e+01 1.039090780810757941e+01 8.316278430075817241e+00
4.171637717534862233e+00 1.247317061131391469e+01 8.315854132510201779e+00
6.244574303837024942e+00 1.458112723032528635e+01 8.316825696162977621e+00
8.317046399741844454e+00 4.166960378273858900e+00 8.317046399741846230e+00
1.039443962172613922e+01 6.244353600258150117e+00 8.317046399741846230e+00
-1.972723032528774303e-02 8.316825696162975845e+00 8.316825696162975845e+00
2.088229388686086097e+00 1.038976228246512967e+01 8.315854132510201779e+00
2.093757012101099324e+00 2.093757012101099768e+00 8.315602063149567513e+00
2.737792973298759040e-03 2.737792973298978048e-03 8.318538473049502002e+00
1.246764298789889303e+01 1.246764298789889303e+01 8.315602063149567513e+00
1.455866220702669622e+01 1.455866220702669622e+01 8.318538473049494897e+00
6.245545867489793679e+00 1.247317061131391291e+01 1.038976228246513145e+01
4.174227503578958220e+00 1.457323268823413365e+01 1.038717249642103724e+01
6.245121569924179994e+00 -1.573105555760497334e-02 1.039090780810757764e+01
4.173775303839999395e+00 2.092232934478412520e+00 1.038762469615999784e+01
6.244353600258149228e+00 8.317046399741846230e+00 1.039443962172614100e+01
4.171710830364302680e+00 1.038968916963569278e+01 1.038968916963569455e+01
1.457323268823413365e+01 4.174227503578957332e+00 1.038717249642103546e+01
1.247317061131391291e+01 6.245545867489792791e+00 1.038976228246513145e+01
1.038968916963569278e+01 4.171710830364303568e+00 1.038968916963569455e+01
8.317046399741844454e+00 6.244353600258150117e+00 1.039443962172613922e+01
1.038762469615999962e+01 1.246916706552158693e+01 1.038762469615999784e+01
8.316278430075815464e+00 1.457713105555759903e+01 1.039090780810757941e+01
6.244936768678190475e+00 4.169229680765790036e+00 1.039217031923421075e+01
4.169229680765790036e+00 6.244936768678190475e+00 1.039217031923421075e+01
2.092232934478412076e+00 4.173775303840000284e+00 1.038762469615999784e+01
-1.573105555760502886e-02 6.245121569924179994e+00 1.039090780810757764e+01
-1.825579831584935378e-03 2.101325419002620265e+00 1.038686223517580665e+01
2.101325419002619821e+00 -1.825579831584803539e-03 1.038686223517580487e+01
1.457713105555759903e+01 8.316278430075815464e+00 1.039090780810757764e+01
1.246916706552158871e+01 1.038762469615999784e+01 1.038762469615999962e+01
1.038717249642103546e+01 -1.183268823413653054e-02 1.038717249642103546e+01
8.315854132510201779e+00 2.088229388686086097e+00 1.038976228246512967e+01
2.098131935728690056e+00 1.246326806427130585e+01 1.038494722563110528e+01
4.690517303296974291e-03 1.455670948269669651e+01 1.039188228354215582e+01
1.455670948269669829e+01 4.690517303296844187e-03 1.039188228354215582e+01
1.246326806427130585e+01 2.098131935728690056e+00 1.038494722563110351e+01
1.039217031923421075e+01 8.316463231321808536e+00 1.039217031923421075e+01
8.316463231321808536e+00 1.039217031923420897e+01 1.039217031923421075e+01
2.088229388686086097e+00 8.315854132510201779e+00 1.038976228246512967e+01
-1.183268823413655829e-02 1.038717249642103546e+01 1.038717249642103546e+01
1.456322557983158994e+01 1.246007458099737875e+01 1.038686223517580132e+01
1.246007458099737875e+01 1.456322557983158816e+01 1.038686223517580132e+01
8.315602063149567513e+00 1.246764298789889303e+01 1.246764298789889303e+01
1.038686223517580309e+01 1.456322557983158816e+01 1.246007458099737697e+01
1.246326806427130585e+01 4.176452774368893728e+00 1.246326806427130762e+01
1.456708398200536791e+01 6.243889143487426630e+00 1.246547269109227329e+01
8.317510856512571493e+00 -5.683982005366576724e-03 1.246547269109227329e+01
1.038494722563110351e+01 2.098131935728689168e+00 1.246326806427130585e+01
4.173775303840001172e+00 4.173775303840002060e+00 1.246916706552159049e+01
6.244632743801532548e+00 6.244632743801533437e+00 1.247719189431851206e+01
4.176452774368893728e+00 1.246326806427130585e+01 1.246326806427130762e+01
6.243889143487427518e+00 1.456708398200536614e+01 1.246547269109227329e+01
4.171637717534861345e+00 8.315854132510201779e+00 1.247317061131391469e+01
6.245545867489793679e+00 1.038976228246512967e+01 1.247317061131391469e+01
8.316767256198469127e+00 8.316767256198469127e+00 1.247719189431851028e+01
1.038762469615999962e+01 1.038762469615999784e+01 1.246916706552158693e+01
8.181637432797126547e-03 1.245269616473371777e+01 1.245269616473371777e+01
2.108703835266277693e+00 1.455321836256720047e+01 1.245269616473372132e+01
1.246764298789889480e+01 8.315602063149565737e+00 1.246764298789889303e+01
1.456322557983158994e+01 1.038686223517580132e+01 1.246007458099737697e+01
1.245269616473371777e+01 8.181637432797084913e-03 1.245269616473371599e+01
1.455321836256720047e+01 2.108703835266277693e+00 1.245269616473371954e+01
2.102798132625637528e+00 2.102798132625637972e+00 1.245860186737436592e+01
1.458080416817254983e-02 1.458080416817222891e-02 1.245228309272091316e+01
-1.825579831585287527e-03 4.174537764824198582e+00 1.246007458099737875e+01
2.093757012101099324e+00 6.245797936850431498e+00 1.246764298789889480e+01
8.315854132510201779e+00 4.171637717534861345e+00 1.247317061131391469e+01
1.038976228246512967e+01 6.245545867489793679e+00 1.247317061131391469e+01
4.174537764824197694e+00 -1.825579831585039895e-03 1.246007458099737697e+01
6.245797936850430609e+00 2.093757012101099324e+00 1.246764298789889480e+01
-5.683982005366483917e-03 8.317510856512571493e+00 1.246547269109227329e+01
2.098131935728689612e+00 1.038494722563110351e+01 1.246326806427130585e+01
1.245860186737436415e+01 1.245860186737436415e+01 1.245860186737436415e+01
1.454681919583182115e+01 1.454681919583182115e+01 1.245228309272091316e+01
2.109116907279086739e+00 1.458080416817214911e-02 1.454681919583181937e+01
1.458080416817137542e-02 2.109116907279086739e+00 1.454681919583182115e+01
1.039090780810757941e+01 8.316278430075815464e+00 1.457713105555759903e+01
8.316278430075817241e+00 1.039090780810757764e+01 1.457713105555759903e+01
6.245121569924182658e+00 4.170492191892417821e+00 1.457713105555760080e+01
4.170492191892417821e+00 6.245121569924182658e+00 1.457713105555760080e+01
2.095927308907716391e+00 8.317510856512571493e+00 1.456708398200536791e+01
4.690517303295516256e-03 1.039188228354215582e+01 1.455670948269669651e+01
1.038717249642103546e+01 4.174227503578957332e+00 1.457323268823413365e+01
8.316825696162975845e+00 6.244574303837024054e+00 1.458112723032528635e+01
1.453250312619110751e+01 2.889687380888686374e-02 1.453250312619110751e+01
1.245269616473371954e+01 2.108703835266276805e+00 1.455321836256720047e+01
6.244574303837024942e+00 8.316825696162975845e+00 1.458112723032528812e+01
4.174227503578958220e+00 1.038717249642103546e+01 1.457323268823413542e+01
1.455866220702669622e+01 8.318538473049493120e+00 1.455866220702669622e+01
1.246007458099737875e+01 1.038686223517580132e+01 1.456322557983158816e+01
1.039188228354215582e+01 4.690517303295823302e-03 1.455670948269669651e+01
8.317510856512571493e+00 2.095927308907716391e+00 1.456708398200536614e+01
6.243889143487428406e+00 1.246547269109227152e+01 1.456708398200536791e+01
4.169517716457844081e+00 1.455670948269669651e+01 1.455670948269670006e+01
2.101325419002619821e+00 4.174537764824197694e+00 1.456322557983159172e+01
2.737792973299873166e-03 6.242861526950500561e+00 1.455866220702669800e+01
1.038686223517580309e+01 1.246007458099737697e+01 1.456322557983158816e+01
8.318538473049494897e+00 1.455866220702669622e+01 1.455866220702669445e+01
6.242861526950499673e+00 2.737792973299759975e-03 1.455866220702669800e+01
4.174537764824197694e+00 2.101325419002619821e+00 1.456322557983159172e+01
2.108703835266277249e+00 1.245269616473371954e+01 1.455321836256720047e+01
2.889687380888594087e-02 1.453250312619110751e+01 1.453250312619110929e+01
1.455670948269669829e+01 4.169517716457843193e+00 1.455670948269669829e+01
1.246547269109227329e+01 6.243889143487426630e+00 1.456708398200536791e+01
1.454681919583182115e+01 1.245228309272091138e+01 1.454681919583182115e+01
1.245228309272091316e+01 1.454681919583182115e+01 1.454681919583182115e+01
