2.118909574078246649e+00 2.118909574078247093e+00 1.839408023193760122e-02
3.913660181923512421e-02 3.913660181923528381e-02 3.913660181923444420e-02
1.404269179754756569e-02 4.178103620065723334e+00 1.404269179754763161e-02
2.104648429925237263e+00 6.252417749393634594e+00 3.404020282165327350e-03
9.475357161143766957e-03 8.325283153473234776e+00 9.475357161143871040e-03
2.100546431817306825e+00 1.040272458678735923e+01 3.709698768824641743e-04
8.801702666666140484e-03 1.247986367405233565e+01 8.801702666666685188e-03
2.101892371387044545e+00 1.455551468157509554e+01 1.308567629450332198e-03
1.112325407623375104e-02 1.663221690204066405e+01 1.112325407623419860e-02
2.111289139853038233e+00 1.869816377930991891e+01 8.152571823397836842e-03
2.450299125505167597e-02 2.076326500313511403e+01 2.450299125505205414e-02
2.118934996864892728e+00 2.285769700874494248e+01 2.450299125505226577e-02
4.178103620065722446e+00 1.404269179754762814e-02 1.404269179754738008e-02
6.252417749393634594e+00 2.104648429925236819e+00 3.404020282164951349e-03
4.184313344527897272e+00 4.184313344527897272e+00 -1.696571356121725008e-03
6.254539784040446193e+00 6.254539784040447081e+00 -1.176566487802181704e-02
4.175206808539940972e+00 8.327790045668960417e+00 -9.329349476534113186e-03
6.249495155459577234e+00 1.040334408423923840e+01 -1.636074596841734577e-02
4.173481657827684543e+00 1.247901961199647758e+01 -1.043129735157036914e-02
6.251531191168887780e+00 1.455362512911666251e+01 -1.485346480781085145e-02
4.179428630489137042e+00 1.662721355973339854e+01 -6.469910597738396697e-03
6.254986440266606884e+00 1.870277136951087371e+01 -6.469910597737326373e-03
4.184036220690089181e+00 2.077091086014697652e+01 8.152571823399385950e-03
6.249983097959329825e+00 2.287107674592378359e+01 1.112325407623687527e-02
8.325283153473236553e+00 9.475357161144025431e-03 9.475357161143862367e-03
1.040272458678735923e+01 2.100546431817308157e+00 3.709698768824594580e-04
8.327790045668960417e+00 4.175206808539941861e+00 -9.329349476534132268e-03
1.040334408423923840e+01 6.249495155459577234e+00 -1.636074596841713066e-02
8.327978538152603250e+00 8.327978538152603250e+00 -1.837319676295064153e-02
1.040319266872762505e+01 1.040319266872762505e+01 -2.175179745826387109e-02
8.326660809057798929e+00 1.247877126695896166e+01 -2.001690739810519509e-02
1.040342873304103932e+01 1.455553919094220028e+01 -2.001690739810450120e-02
8.328574870883340253e+00 1.663066880883111764e+01 -1.485346480781007603e-02
1.040318038800352340e+01 1.870871834217232177e+01 -1.043129735156898309e-02
8.326685318424908999e+00 2.078030762861297021e+01 1.308567629450933930e-03
1.040233632594767244e+01 2.287339829733335606e+01 8.801702666671797418e-03
1.247986367405233565e+01 8.801702666666817026e-03 8.801702666666874272e-03
1.455551468157509731e+01 2.101892371387044101e+00 1.308567629450291866e-03
1.247901961199647758e+01 4.173481657827684543e+00 -1.043129735157045934e-02
1.455362512911666251e+01 6.251531191168886892e+00 -1.485346480781138574e-02
1.247877126695896166e+01 8.326660809057800705e+00 -2.001690739810553163e-02
1.455553919094220028e+01 1.040342873304103755e+01 -2.001690739810484121e-02
1.247900733127237771e+01 1.247900733127237771e+01 -2.175179745826308700e-02
1.455422146184739951e+01 1.455422146184740129e+01 -1.837319676294804985e-02
1.247885591576076258e+01 1.663270484454042375e+01 -1.636074596841592677e-02
1.455440995433104057e+01 1.870699319146006090e+01 -9.329349476535448923e-03
1.247947541321263998e+01 2.078165356818269416e+01 3.709698768818604363e-04
1.455691684652676798e+01 2.287272464283886109e+01 9.475357161145198104e-03
1.663221690204066761e+01 1.112325407623357409e-02 1.112325407623401471e-02
1.869816377930991891e+01 2.111289139853039565e+00 8.152571823397982559e-03
1.662721355973339854e+01 4.179428630489137042e+00 -6.469910597738577109e-03
1.870277136951087371e+01 6.254986440266607772e+00 -6.469910597737440865e-03
1.663066880883111764e+01 8.328574870883342030e+00 -1.485346480781034664e-02
1.870871834217232177e+01 1.040318038800352518e+01 -1.043129735156972555e-02
1.663270484454042020e+01 1.247885591576076258e+01 -1.636074596841627024e-02
1.870699319146006090e+01 1.455440995433104057e+01 -9.329349476536090771e-03
1.662766021595955479e+01 1.662766021595955479e+01 -1.176566487802269828e-02
1.869788665547210371e+01 1.869788665547210371e+01 -1.696571356120933757e-03
1.662978225060635751e+01 2.077755157007475972e+01 3.404020282166247621e-03
1.870409637993428476e+01 2.286815730820245562e+01 1.404269179755104208e-02
2.076326500313511048e+01 2.450299125505142270e-02 2.450299125505195352e-02
2.285769700874494248e+01 2.118934996864891396e+00 2.450299125505141923e-02
2.077091086014697652e+01 4.184036220690089181e+00 8.152571823399273193e-03
2.287107674592378359e+01 6.249983097959329825e+00 1.112325407623615710e-02
2.078030762861297021e+01 8.326685318424910776e+00 1.308567629450170435e-03
2.287339829733335606e+01 1.040233632594767244e+01 8.801702666671299552e-03
2.078165356818269416e+01 1.247947541321263998e+01 3.709698768807126999e-04
2.287272464283886109e+01 1.455691684652676798e+01 9.475357161144325538e-03
2.077755157007475972e+01 1.662978225060635751e+01 3.404020282165732842e-03
2.286815730820245562e+01 1.870409637993428476e+01 1.404269179755126239e-02
2.076329042592176677e+01 2.076329042592176677e+01 1.839408023194064046e-02
2.284306339818077447e+01 2.284306339818077447e+01 3.913660181924248638e-02
2.102857424280385690e+00 1.662615040530987187e+01 2.102857424280386134e+00
8.152571823397538470e-03 1.869816377930991891e+01 2.111289139853038677e+00
1.455551468157509731e+01 1.308567629449914130e-03 2.101892371387044545e+00
1.247888349155858378e+01 2.098212433271609445e+00 2.098212433271609445e+00
6.251939774035650821e+00 1.247822542004170110e+01 2.086056324570472853e+00
4.177719069151272002e+00 1.455249553893755987e+01 2.093697748116832624e+00
1.455249553893755987e+01 4.177719069151272002e+00 2.093697748116832624e+00
1.247822542004170288e+01 6.251939774035650821e+00 2.086056324570472853e+00
2.099518982509151144e+00 8.328242767486353060e+00 2.099518982509151588e+00
3.709698768820801499e-04 1.040272458678735923e+01 2.100546431817307713e+00
1.455341057328013932e+01 8.328789426719863442e+00 2.084109470711328349e+00
1.247874310396826480e+01 1.040345689603173440e+01 2.080478438710791966e+00
6.255542476731474011e+00 1.662665752326853408e+01 2.091468615798449893e+00
4.184240259624629310e+00 1.869795974037538144e+01 2.102483172042638238e+00
1.455423714778975075e+01 1.247843196852058512e+01 2.082296834788409878e+00
1.247843196852058512e+01 1.455423714778975075e+01 2.082296834788410766e+00
2.113004033962980976e+00 2.076919596603702445e+01 2.113004033962981421e+00
2.450299125505180781e-02 2.285769700874494248e+01 2.118934996864893172e+00
1.455240506329315586e+01 1.662867618408226278e+01 2.087835941129771111e+00
1.247855437680670576e+01 1.870632762511272063e+01 2.092010882236186919e+00
6.256049594690136217e+00 2.077934257571963172e+01 2.102857424280386134e+00
4.184036220690085628e+00 2.287404742817660974e+01 2.111289139853040009e+00
1.455395723251364615e+01 2.078268101749084806e+01 2.099518982509152920e+00
1.247947541321264708e+01 2.288182903012311442e+01 2.100546431817309045e+00
2.108393521784756697e+00 4.186651131295069383e+00 2.108393521784756697e+00
3.404020282165083188e-03 6.252417749393634594e+00 2.104648429925237263e+00
1.869816377930991891e+01 8.152571823397838577e-03 2.111289139853040453e+00
1.662615040530987187e+01 2.102857424280386134e+00 2.102857424280386578e+00
1.040272458678735923e+01 3.709698768825358400e-04 2.100546431817307713e+00
8.328242767486353060e+00 2.099518982509151588e+00 2.099518982509151588e+00
1.869795974037538144e+01 4.184240259624630198e+00 2.102483172042638238e+00
1.662665752326853408e+01 6.255542476731474011e+00 2.091468615798449449e+00
6.252417749393634594e+00 3.404020282165054999e-03 2.104648429925236375e+00
4.186651131295069383e+00 2.108393521784756697e+00 2.108393521784756253e+00
1.870448093084873165e+01 8.329704461062442888e+00 2.093697748116832180e+00
1.663026022596434927e+01 1.040397457995829988e+01 2.086056324570473297e+00
1.040364562319329345e+01 4.175872374887285687e+00 2.092010882236186031e+00
8.329794936706845121e+00 6.253523815917746198e+00 2.087835941129770667e+00
1.870632762511272063e+01 1.247855437680670754e+01 2.092010882236186031e+00
1.662867618408226278e+01 1.455240506329315586e+01 2.087835941129770223e+00
2.098212433271609445e+00 1.247888349155858378e+01 2.098212433271609889e+00
1.308567629449804192e-03 1.455551468157509554e+01 2.101892371387044989e+00
1.870111994397585420e+01 1.662513637459874261e+01 2.097104012673032702e+00
1.662513637459874261e+01 1.870111994397585420e+01 2.097104012673033147e+00
1.040376803147941764e+01 8.327962852210250233e+00 2.082296834788409878e+00
8.327962852210250233e+00 1.040376803147941587e+01 2.082296834788410322e+00
1.869554886870493249e+01 2.077380647821524917e+01 2.108393521784755364e+00
1.662978225060635395e+01 2.287879597971783241e+01 2.104648429925238151e+00
6.257063625401259266e+00 4.181080056024144120e+00 2.097104012673032258e+00
4.181080056024144120e+00 6.257063625401259266e+00 2.097104012673032702e+00
2.285769700874494248e+01 2.450299125505125616e-02 2.118934996864892284e+00
2.076919596603702445e+01 2.113004033962980976e+00 2.113004033962980976e+00
1.040345689603173440e+01 1.247874310396826480e+01 2.080478438710791966e+00
8.328789426719863442e+00 1.455341057328013932e+01 2.084109470711327905e+00
2.287404742817661329e+01 4.184036220690084740e+00 2.111289139853038677e+00
2.077934257571963528e+01 6.256049594690136217e+00 2.102857424280385690e+00
1.839408023193776082e-02 2.118909574078247093e+00 2.118909574078246205e+00
2.118909574078246205e+00 1.839408023193809735e-02 2.118909574078246205e+00
2.288089143237056078e+01 8.326685318424908999e+00 2.101892371387045877e+00
2.078398756672839909e+01 1.040331650844141897e+01 2.098212433271609889e+00
1.040397457995829988e+01 1.663026022596434927e+01 2.086056324570473741e+00
8.329704461062442888e+00 1.870448093084873165e+01 2.093697748116833068e+00
2.288182903012311442e+01 1.247947541321264886e+01 2.100546431817308157e+00
2.078268101749084806e+01 1.455395723251364615e+01 2.099518982509152476e+00
6.253523815917746198e+00 8.329794936706845121e+00 2.087835941129770667e+00
4.175872374887284799e+00 1.040364562319329345e+01 2.092010882236185587e+00
2.287879597971783241e+01 1.662978225060635395e+01 2.104648429925237707e+00
2.077380647821524562e+01 1.869554886870493249e+01 2.108393521784755364e+00
1.040331650844141897e+01 2.078398756672839909e+01 2.098212433271611221e+00
8.326685318424908999e+00 2.288089143237056078e+01 2.101892371387046765e+00
2.286380591976806897e+01 2.076329042592176322e+01 2.118909574078250646e+00
2.076329042592176322e+01 2.286380591976807253e+01 2.118909574078251090e+00
4.178630573693584260e+00 1.662515590534729171e+01 4.178630573693584260e+00
6.257044094652711053e+00 1.870356942630642294e+01 4.178630573693584260e+00
-1.696571356121654751e-03 4.184313344527897272e+00 4.184313344527896383e+00
2.097104012673032702e+00 6.257063625401259266e+00 4.181080056024144120e+00
1.662721355973339854e+01 -6.469910597738148632e-03 4.179428630489137930e+00
1.869795974037538144e+01 2.102483172042638238e+00 4.184240259624631086e+00
8.330138875152114153e+00 1.662878394966903173e+01 4.171575642574427256e+00
1.040417472852059078e+01 1.870846999559945445e+01 4.173730004400549198e+00
4.182432959036306741e+00 4.182432959036306741e+00 4.182432959036305853e+00
6.255627347981947750e+00 6.255627347981947750e+00 4.174927809868566264e+00
1.662515590534729171e+01 4.178630573693584260e+00 4.178630573693584260e+00
1.870356942630642294e+01 6.257044094652711053e+00 4.178630573693583372e+00
4.184240259624629310e+00 2.077971682795736541e+01 4.184240259624630198e+00
6.254986440266606884e+00 2.288866991059775913e+01 4.179428630489137930e+00
8.329704461062444665e+00 2.078850225188316969e+01 4.177719069151274667e+00
1.040318038800352696e+01 2.289263129735159197e+01 4.173481657827685432e+00
1.662878394966903173e+01 8.330138875152114153e+00 4.171575642574426368e+00
1.870846999559945445e+01 1.040417472852059078e+01 4.173730004400547422e+00
-1.043129735157096241e-02 1.247901961199647758e+01 4.173481657827685432e+00
2.093697748116832624e+00 1.455249553893755987e+01 4.177719069151272002e+00
8.152571823399259315e-03 2.077091086014697652e+01 4.184036220690090069e+00
2.111289139853039565e+00 2.287404742817660974e+01 4.184036220690085628e+00
1.663016305445582788e+01 1.247805680458309041e+01 4.169824057458328959e+00
1.870671016240692808e+01 1.455172290894681630e+01 4.175489837593076459e+00
1.247901961199647758e+01 -1.043129735157055302e-02 4.173481657827684543e+00
1.455249553893755987e+01 2.093697748116832180e+00 4.177719069151272002e+00
8.327790045668960417e+00 -9.329349476534130534e-03 4.175206808539940972e+00
1.040364562319329345e+01 2.092010882236186031e+00 4.175872374887285687e+00
1.662657265201805501e+01 1.662657265201805501e+01 4.174927809868567152e+00
1.869976704096369247e+01 1.869976704096369602e+01 4.182432959036307629e+00
4.175489837593074682e+00 8.330477091053184679e+00 4.175489837593074682e+00
6.252036945544178437e+00 1.040414319541691057e+01 4.169824057458328959e+00
1.247802527147941021e+01 4.173730004400547422e+00 4.173730004400547422e+00
1.455206112484788683e+01 6.253416050330970144e+00 4.171575642574427256e+00
1.662513637459874616e+01 2.078509598732696873e+01 4.181080056024143232e+00
1.869788665547210016e+01 2.288389657135612509e+01 4.184313344527896383e+00
-9.329349476534213800e-03 8.327790045668960417e+00 4.175206808539941861e+00
2.092010882236185143e+00 1.040364562319329345e+01 4.175872374887285687e+00
8.330477091053184679e+00 4.175489837593075571e+00 4.175489837593074682e+00
1.040414319541691057e+01 6.252036945544178437e+00 4.169824057458328959e+00
2.077091086014697652e+01 8.152571823398908901e-03 4.184036220690090069e+00
2.287404742817661329e+01 2.111289139853039121e+00 4.184036220690084740e+00
1.247832312816008660e+01 8.328350500698867620e+00 4.166435325272320078e+00
1.455384949930113336e+01 1.040387687183991439e+01 4.166435325272319190e+00
2.108393521784756697e+00 2.108393521784757141e+00 4.186651131295069383e+00
1.404269179754699844e-02 1.404269179754832550e-02 4.178103620065722446e+00
2.077971682795736896e+01 4.184240259624630198e+00 4.184240259624629310e+00
2.288866991059776268e+01 6.254986440266606884e+00 4.179428630489136154e+00
4.173730004400547422e+00 1.247802527147940843e+01 4.173730004400547422e+00
6.253416050330970144e+00 1.455206112484788683e+01 4.171575642574426368e+00
1.247854462432480993e+01 1.247854462432480993e+01 4.164644101885311755e+00
1.455299103568622243e+01 1.455299103568622066e+01 4.168233705175499182e+00
2.078850225188316969e+01 8.329704461062444665e+00 4.177719069151273779e+00
2.289263129735159197e+01 1.040318038800352696e+01 4.173481657827684543e+00
8.329208964313780328e+00 8.329208964313780328e+00 4.168233705175500958e+00
1.040365537567518928e+01 1.040365537567518928e+01 4.164644101885312644e+00
4.184313344527896383e+00 -1.696571356121644343e-03 4.184313344527896383e+00
6.257063625401259266e+00 2.097104012673032702e+00 4.181080056024143232e+00
2.079018911776381984e+01 1.247855437680670576e+01 4.175872374887286576e+00
2.289152934947653151e+01 1.455440995433104234e+01 4.175206808539944525e+00
1.247805680458309041e+01 1.663016305445582788e+01 4.169824057458329847e+00
1.455172290894681630e+01 1.870671016240692808e+01 4.175489837593077347e+00
-6.469910597738774867e-03 1.662721355973339854e+01 4.179428630489137042e+00
2.102483172042637349e+00 1.869795974037538144e+01 4.184240259624630198e+00
2.078509598732696517e+01 1.662513637459874616e+01 4.181080056024143232e+00
2.288389657135612509e+01 1.869788665547210016e+01 4.184313344527895495e+00
8.328350500698867620e+00 1.247832312816008660e+01 4.166435325272320078e+00
1.040387687183991439e+01 1.455384949930113336e+01 4.166435325272319190e+00
1.247855437680670576e+01 2.079018911776381984e+01 4.175872374887288352e+00
1.455440995433104234e+01 2.289152934947653151e+01 4.175206808539944525e+00
2.077380647821524562e+01 2.077380647821524562e+01 4.186651131295070272e+00
2.286815730820245562e+01 2.286815730820245562e+01 4.178103620065729551e+00
6.251635139514776007e+00 8.329683808324901406e+00 6.251635139514776007e+00
4.169824057458328959e+00 1.040414319541691057e+01 6.252036945544179325e+00
6.255542476731474899e+00 2.079073138420156042e+01 6.255542476731474899e+00
4.179428630489137042e+00 2.288866991059775913e+01 6.254986440266607772e+00
1.455361109562465849e+01 8.328588904375340718e+00 6.249374325681555042e+00
1.247866283473433846e+01 1.040353716526566075e+01 6.246550896778598094e+00
1.871237594254168002e+01 1.247805680458308863e+01 6.252036945544179325e+00
1.663056486048522586e+01 1.455251619167509780e+01 6.251635139514777784e+00
1.040353716526566075e+01 1.247866283473433846e+01 6.246550896778598094e+00
8.328588904375340718e+00 1.455361109562465849e+01 6.249374325681555042e+00
6.254539784040447081e+00 -1.176566487802186908e-02 6.254539784040445305e+00
4.181080056024144120e+00 2.097104012673032702e+00 6.257063625401258378e+00
2.097104012673032702e+00 4.181080056024144120e+00 6.257063625401259266e+00
-1.176566487802190725e-02 6.254539784040447081e+00 6.254539784040446193e+00
1.870727219013143028e+01 1.662657265201805146e+01 6.255627347981949526e+00
1.662657265201805146e+01 1.870727219013143028e+01 6.255627347981950415e+00
1.455438880317047357e+01 1.247839324712406928e+01 6.247977236030106241e+00
1.247839324712406928e+01 1.455438880317047357e+01 6.247977236030106241e+00
3.404020282165137398e-03 2.104648429925237707e+00 6.252417749393634594e+00
2.104648429925236819e+00 3.404020282165535517e-03 6.252417749393633706e+00
1.040405825327514755e+01 1.663199907844465741e+01 6.250200921555346234e+00
8.330138875152115929e+00 1.871062435742557639e+01 6.253416050330971032e+00
1.870111994397585420e+01 2.078509598732696873e+01 6.257063625401260154e+00
1.662766021595955834e+01 2.289396566487801365e+01 6.254539784040446193e+00
1.040334408423923840e+01 -1.636074596841727985e-02 6.249495155459577234e+00
8.329794936706845121e+00 2.087835941129770667e+00 6.253523815917746198e+00
1.455251619167509780e+01 1.663056486048522231e+01 6.251635139514777784e+00
1.247805680458309041e+01 1.871237594254168002e+01 6.252036945544180213e+00
6.250200921555345346e+00 1.247814174672485521e+01 6.250200921555345346e+00
4.171575642574426368e+00 1.455206112484788683e+01 6.253416050330969256e+00
2.287107674592378359e+01 1.112325407623597842e-02 6.249983097959329825e+00
2.077934257571963528e+01 2.102857424280386134e+00 6.256049594690137106e+00
2.102857424280386134e+00 2.077934257571963172e+01 6.256049594690137994e+00
1.112325407623683364e-02 2.287107674592378359e+01 6.249983097959329825e+00
1.040397457995830166e+01 2.079614367542954412e+01 6.251939774035652597e+00
8.328574870883342030e+00 2.289705346480781856e+01 6.251531191168888668e+00
1.455240506329315764e+01 2.079436405887023653e+01 6.253523815917748863e+00
1.247885591576076436e+01 2.289856074596842817e+01 6.249495155459579898e+00
2.288866991059776268e+01 4.179428630489137042e+00 6.254986440266605996e+00
2.079073138420156397e+01 6.255542476731474899e+00 6.255542476731473123e+00
6.255627347981947750e+00 4.174927809868566264e+00 6.255627347981947750e+00
4.174927809868566264e+00 6.255627347981947750e+00 6.255627347981947750e+00
1.040414319541691057e+01 4.169824057458328959e+00 6.252036945544178437e+00
8.329683808324901406e+00 6.251635139514776895e+00 6.251635139514776895e+00
2.087835941129770667e+00 8.329794936706845121e+00 6.253523815917746198e+00
-1.636074596841738393e-02 1.040334408423923840e+01 6.249495155459579010e+00
2.289705346480781856e+01 8.328574870883343806e+00 6.251531191168886004e+00
2.079614367542954056e+01 1.040397457995830166e+01 6.251939774035650821e+00
1.870277136951087371e+01 -6.469910597736871875e-03 6.254986440266608660e+00
1.662665752326853408e+01 2.091468615798449893e+00 6.255542476731474011e+00
1.455362512911666251e+01 -1.485346480781091216e-02 6.251531191168887780e+00
1.247822542004170288e+01 2.086056324570472853e+00 6.251939774035650821e+00
6.253751739992580383e+00 1.662844826000742415e+01 6.253751739992581271e+00
4.178630573693583372e+00 1.870356942630642294e+01 6.257044094652711941e+00
2.289856074596842461e+01 1.247885591576076436e+01 6.249495155459579898e+00
2.079436405887023298e+01 1.455240506329315764e+01 6.253523815917747086e+00
2.091468615798449893e+00 1.662665752326853408e+01 6.255542476731474011e+00
-6.469910597737383619e-03 1.870277136951087371e+01 6.254986440266608660e+00
1.870356942630642649e+01 4.178630573693584260e+00 6.257044094652711053e+00
1.662844826000742415e+01 6.253751739992580383e+00 6.253751739992581271e+00
1.040380675287593171e+01 8.327811196829525642e+00 6.247977236030107129e+00
8.327811196829525642e+00 1.040380675287593171e+01 6.247977236030107129e+00
2.289396566487801365e+01 1.662766021595955834e+01 6.254539784040446193e+00
2.078509598732696517e+01 1.870111994397585420e+01 6.257063625401259266e+00
1.455206112484788683e+01 4.171575642574426368e+00 6.253416050330970144e+00
1.247814174672485521e+01 6.250200921555345346e+00 6.250200921555345346e+00
2.086056324570472853e+00 1.247822542004170110e+01 6.251939774035650821e+00
-1.485346480781105614e-02 1.455362512911666251e+01 6.251531191168887780e+00
1.871062435742557639e+01 8.330138875152114153e+00 6.253416050330970144e+00
1.663199907844465741e+01 1.040405825327514755e+01 6.250200921555345346e+00
2.287879597971783241e+01 2.077755157007475617e+01 6.252417749393635482e+00
2.077755157007475972e+01 2.287879597971783241e+01 6.252417749393636370e+00
1.663056486048522231e+01 1.663056486048522231e+01 8.329683808324904959e+00
1.870671016240692452e+01 1.870671016240692452e+01 8.330477091053188232e+00
4.175489837593075571e+00 4.175489837593075571e+00 8.330477091053184679e+00
6.251635139514776007e+00 6.251635139514776895e+00 8.329683808324901406e+00
1.247877126695896166e+01 -2.001690739810482386e-02 8.326660809057800705e+00
1.455341057328013932e+01 2.084109470711328349e+00 8.328789426719863442e+00
4.166435325272319190e+00 1.247832312816008660e+01 8.328350500698867620e+00
6.249374325681555042e+00 1.455361109562465849e+01 8.328588904375340718e+00
1.247843196852058334e+01 2.079990316521159244e+01 8.327962852210253786e+00
1.455422146184739951e+01 2.290057319676294867e+01 8.327978538152603250e+00
1.662867618408226278e+01 2.079436405887023653e+01 8.329794936706848674e+00
1.870699319146006090e+01 2.289152934947653506e+01 8.327790045668958641e+00
-1.837319676295081500e-02 8.327978538152603250e+00 8.327978538152603250e+00
2.082296834788409434e+00 1.040376803147941764e+01 8.327962852210252009e+00
2.099518982509151588e+00 2.099518982509152032e+00 8.328242767486353060e+00
9.475357161143876245e-03 9.475357161143681956e-03 8.325283153473234776e+00
8.326714782520177494e+00 1.247871166109111485e+01 8.326714782520177494e+00
1.040348833890888436e+01 1.455548521747982171e+01 8.326714782520179270e+00
1.247832312816008660e+01 4.166435325272320078e+00 8.328350500698867620e+00
1.455361109562466027e+01 6.249374325681555042e+00 8.328588904375340718e+00
2.078030762861297021e+01 1.308567629450506104e-03 8.326685318424910776e+00
2.288089143237056078e+01 2.101892371387045877e+00 8.326685318424908999e+00
1.663066880883112120e+01 -1.485346480780935959e-02 8.328574870883342030e+00
1.870448093084873520e+01 2.093697748116833512e+00 8.329704461062442888e+00
8.327978538152603250e+00 -1.837319676295083928e-02 8.327978538152603250e+00
1.040376803147941764e+01 2.082296834788409878e+00 8.327962852210250233e+00
4.175206808539941861e+00 -9.329349476534524316e-03 8.327790045668958641e+00
6.253523815917746198e+00 2.087835941129770667e+00 8.329794936706845121e+00
-2.001690739810527489e-02 1.247877126695896344e+01 8.326660809057800705e+00
2.084109470711328349e+00 1.455341057328013932e+01 8.328789426719863442e+00
2.078850225188317324e+01 4.177719069151273779e+00 8.329704461062442888e+00
2.289705346480781856e+01 6.251531191168888668e+00 8.328574870883342030e+00
4.171575642574426368e+00 1.662878394966903173e+01 8.330138875152114153e+00
6.253416050330970144e+00 1.871062435742557284e+01 8.330138875152115929e+00
1.662878394966903528e+01 4.171575642574426368e+00 8.330138875152114153e+00
1.871062435742557639e+01 6.253416050330971032e+00 8.330138875152114153e+00
1.247871166109111485e+01 8.326714782520177494e+00 8.326714782520177494e+00
1.455548521747982171e+01 1.040348833890888436e+01 8.326714782520179270e+00
8.328588904375340718e+00 1.663282567431844328e+01 8.328588904375340718e+00
1.040387687183991439e+01 1.871576467472768002e+01 8.328350500698867620e+00
2.079809052928867530e+01 8.328789426719863442e+00 8.328789426719863442e+00
2.290221690739810967e+01 1.040342873304104110e+01 8.326660809057802481e+00
4.168233705175500070e+00 8.329208964313780328e+00 8.329208964313780328e+00
6.247977236030108017e+00 1.040380675287593171e+01 8.327811196829525642e+00
8.329208964313780328e+00 4.168233705175500958e+00 8.329208964313780328e+00
1.040380675287593171e+01 6.247977236030108017e+00 8.327811196829525642e+00
1.663282567431844328e+01 8.328588904375340718e+00 8.328588904375340718e+00
1.871576467472768002e+01 1.040387687183991261e+01 8.328350500698865844e+00
1.308567629450374048e-03 2.078030762861297021e+01 8.326685318424910776e+00
2.101892371387045877e+00 2.288089143237056078e+01 8.326685318424910776e+00
2.079990316521159244e+01 1.247843196852058334e+01 8.327962852210252009e+00
2.290057319676294512e+01 1.455422146184739951e+01 8.327978538152603250e+00
1.247894500610718005e+01 1.247894500610718005e+01 8.325905891033174910e+00
1.455465467242020416e+01 1.455465467242020416e+01 8.327545327579795043e+00
-1.485346480781005868e-02 1.663066880883111764e+01 8.328574870883342030e+00
2.093697748116832624e+00 1.870448093084873165e+01 8.329704461062444665e+00
8.328789426719863442e+00 2.079809052928867530e+01 8.328789426719865219e+00
1.040342873304104110e+01 2.290221690739810967e+01 8.326660809057804258e+00
1.663422276396989474e+01 1.247839324712406750e+01 8.327811196829525642e+00
1.871396629482450180e+01 1.455299103568622066e+01 8.329208964313782104e+00
2.079436405887023298e+01 1.662867618408226278e+01 8.329794936706848674e+00
2.289152934947653151e+01 1.870699319146006090e+01 8.327790045668960417e+00
-9.329349476534321353e-03 4.175206808539942749e+00 8.327790045668960417e+00
2.087835941129770223e+00 6.253523815917746198e+00 8.329794936706845121e+00
4.177719069151274667e+00 2.078850225188316969e+01 8.329704461062444665e+00
6.251531191168887780e+00 2.289705346480781500e+01 8.328574870883343806e+00
1.247839324712406928e+01 1.663422276396989474e+01 8.327811196829525642e+00
1.455299103568622066e+01 1.871396629482450180e+01 8.329208964313783881e+00
8.327545327579795043e+00 8.327545327579795043e+00 8.327545327579795043e+00
1.040325499389281738e+01 1.040325499389281738e+01 8.325905891033174910e+00
2.078268101749085162e+01 2.078268101749085162e+01 8.328242767486353060e+00
2.287272464283886109e+01 2.287272464283885753e+01 8.325283153473234776e+00
1.455548521747982171e+01 8.326714782520177494e+00 1.040348833890888258e+01
1.247920170847710430e+01 1.040299829152289313e+01 1.040299829152289490e+01
3.709698768824120784e-04 2.100546431817307713e+00 1.040272458678735745e+01
2.100546431817307713e+00 3.709698768821687834e-04 1.040272458678735745e+01
1.040325499389281738e+01 8.325905891033174910e+00 1.040325499389281916e+01
8.325905891033174910e+00 1.040325499389281738e+01 1.040325499389281916e+01
1.040345689603173618e+01 2.080172156128920591e+01 1.040345689603173618e+01
8.326660809057804258e+00 2.290221690739810967e+01 1.040342873304104110e+01
6.247977236030107129e+00 8.327811196829525642e+00 1.040380675287593171e+01
4.164644101885312644e+00 1.040365537567518928e+01 1.040365537567518928e+01
2.287339829733335606e+01 8.801702666670590050e-03 1.040233632594767421e+01
2.078398756672840264e+01 2.098212433271610777e+00 1.040331650844141897e+01
1.870846999559945800e+01 4.173730004400548310e+00 1.040417472852059078e+01
1.663199907844466097e+01 6.250200921555345346e+00 1.040405825327514577e+01
2.080478438710791966e+00 1.247874310396826658e+01 1.040345689603173618e+01
-2.001690739810490366e-02 1.455553919094220205e+01 1.040342873304103932e+01
1.455629410896682430e+01 1.247894500610718183e+01 1.040325499389281916e+01
1.247894500610718183e+01 1.455629410896682607e+01 1.040325499389281916e+01
1.040319266872762505e+01 -2.175179745826340966e-02 1.040319266872762505e+01
8.327962852210250233e+00 2.082296834788409878e+00 1.040376803147941587e+01
6.250200921555346234e+00 1.663199907844465741e+01 1.040405825327514755e+01
4.173730004400549198e+00 1.870846999559945445e+01 1.040417472852059078e+01
2.289263129735159197e+01 4.173481657827686320e+00 1.040318038800352696e+01
2.079614367542954412e+01 6.251939774035651709e+00 1.040397457995829988e+01
2.082296834788409878e+00 8.327962852210250233e+00 1.040376803147941764e+01
-2.175179745826371150e-02 1.040319266872762505e+01 1.040319266872762505e+01
1.871576467472768002e+01 8.328350500698867620e+00 1.040387687183991261e+01
1.663564910322140378e+01 1.040353716526566075e+01 1.040353716526566075e+01
1.455553919094220205e+01 -2.001690739810431732e-02 1.040342873304103932e+01
1.247874310396826658e+01 2.080478438710792854e+00 1.040345689603173618e+01
1.040299829152289313e+01 1.247920170847710430e+01 1.040299829152289490e+01
8.326714782520177494e+00 1.455548521747982171e+01 1.040348833890888436e+01
1.455438880317047534e+01 1.663422276396989474e+01 1.040380675287593171e+01
1.247854462432481171e+01 1.871755589811468568e+01 1.040365537567518928e+01
2.290221690739810967e+01 8.326660809057804258e+00 1.040342873304103932e+01
2.080172156128920591e+01 1.040345689603173618e+01 1.040345689603173440e+01
6.252036945544179325e+00 4.169824057458328959e+00 1.040414319541691057e+01
4.169824057458328959e+00 6.252036945544178437e+00 1.040414319541691057e+01
2.086056324570473741e+00 1.663026022596434927e+01 1.040397457995830166e+01
-1.043129735156902993e-02 1.870871834217232177e+01 1.040318038800352518e+01
1.871755589811468568e+01 1.247854462432480993e+01 1.040365537567518928e+01
1.663422276396989474e+01 1.455438880317047357e+01 1.040380675287593171e+01
6.249495155459577234e+00 -1.636074596841761639e-02 1.040334408423923840e+01
4.175872374887285687e+00 2.092010882236185143e+00 1.040364562319329167e+01
1.040365537567518928e+01 4.164644101885312644e+00 1.040365537567518928e+01
8.327811196829525642e+00 6.247977236030108017e+00 1.040380675287593171e+01
2.290395179745826937e+01 1.247900733127237771e+01 1.040319266872762327e+01
2.079990316521158888e+01 1.455423714778974897e+01 1.040376803147941764e+01
1.455384949930113514e+01 4.166435325272320966e+00 1.040387687183991439e+01
1.247866283473433846e+01 6.246550896778598094e+00 1.040353716526566075e+01
1.455423714778975075e+01 2.079990316521159244e+01 1.040376803147941764e+01
1.247900733127237949e+01 2.290395179745827292e+01 1.040319266872762505e+01
6.246550896778598094e+00 1.247866283473433846e+01 1.040353716526566075e+01
4.166435325272320078e+00 1.455384949930113336e+01 1.040387687183991439e+01
1.871237594254167647e+01 1.663016305445582788e+01 1.040414319541691412e+01
1.663016305445582788e+01 1.871237594254168002e+01 1.040414319541691412e+01
1.040353716526566075e+01 1.663564910322140378e+01 1.040353716526566075e+01
8.328350500698867620e+00 1.871576467472768002e+01 1.040387687183991261e+01
2.289856074596842461e+01 1.663270484454042020e+01 1.040334408423923840e+01
2.079018911776381628e+01 1.870632762511272063e+01 1.040364562319329877e+01
6.251939774035652597e+00 2.079614367542954056e+01 1.040397457995830166e+01
4.173481657827685432e+00 2.289263129735159197e+01 1.040318038800352873e+01
2.098212433271610777e+00 2.078398756672839909e+01 1.040331650844141897e+01
8.801702666671358533e-03 2.287339829733335606e+01 1.040233632594767421e+01
2.092010882236185587e+00 4.175872374887285687e+00 1.040364562319329167e+01
-1.636074596841750536e-02 6.249495155459578122e+00 1.040334408423923840e+01
1.870871834217232177e+01 -1.043129735156822675e-02 1.040318038800352518e+01
1.663026022596434927e+01 2.086056324570474629e+00 1.040397457995830166e+01
1.870632762511272063e+01 2.079018911776381984e+01 1.040364562319329877e+01
1.663270484454042375e+01 2.289856074596842461e+01 1.040334408423923662e+01
2.288182903012311442e+01 2.078165356818269416e+01 1.040272458678735923e+01
2.078165356818269416e+01 2.288182903012311797e+01 1.040272458678735745e+01
2.078165356818269771e+01 3.709698768819885348e-04 1.247947541321264175e+01
2.288182903012311797e+01 2.100546431817309490e+00 1.247947541321264708e+01
1.247866283473434024e+01 1.663564910322140378e+01 1.247866283473434024e+01
1.455384949930113514e+01 1.871576467472768002e+01 1.247832312816008837e+01
4.169824057458330735e+00 1.663016305445582788e+01 1.247805680458309041e+01
6.252036945544181101e+00 1.871237594254168002e+01 1.247805680458308863e+01
1.663422276396989474e+01 8.327811196829527418e+00 1.247839324712406750e+01
1.871755589811468923e+01 1.040365537567518928e+01 1.247854462432481171e+01
1.247854462432481171e+01 4.164644101885312644e+00 1.247854462432480993e+01
1.455438880317047534e+01 6.247977236030106241e+00 1.247839324712406750e+01
-2.175179745826241393e-02 1.247900733127237771e+01 1.247900733127237771e+01
2.082296834788410766e+00 1.455423714778975075e+01 1.247843196852058512e+01
8.326714782520177494e+00 8.326714782520177494e+00 1.247871166109111662e+01
1.040299829152289490e+01 1.040299829152289313e+01 1.247920170847710430e+01
2.079018911776381984e+01 4.175872374887288352e+00 1.247855437680670754e+01
2.289856074596842817e+01 6.249495155459579898e+00 1.247885591576076436e+01
8.326660809057800705e+00 -2.001690739810527142e-02 1.247877126695896166e+01
1.040345689603173440e+01 2.080478438710792410e+00 1.247874310396826480e+01
2.098212433271609445e+00 2.098212433271609445e+00 1.247888349155858201e+01
8.801702666667078970e-03 8.801702666666558553e-03 1.247986367405233388e+01
1.247874310396826658e+01 2.080172156128920591e+01 1.247874310396826480e+01
1.455553919094220205e+01 2.290221690739810967e+01 1.247877126695896166e+01
1.663564910322140378e+01 1.247866283473433846e+01 1.247866283473434024e+01
1.871576467472768002e+01 1.455384949930113336e+01 1.247832312816008837e+01
-1.043129735157061026e-02 4.173481657827684543e+00 1.247901961199647758e+01
2.086056324570472853e+00 6.251939774035650821e+00 1.247822542004170110e+01
8.327962852210253786e+00 2.079990316521159244e+01 1.247843196852058334e+01
1.040319266872762505e+01 2.290395179745827292e+01 1.247900733127237771e+01
2.079990316521159244e+01 8.327962852210252009e+00 1.247843196852058334e+01
2.290395179745826937e+01 1.040319266872762505e+01 1.247900733127237771e+01
1.247894500610718183e+01 8.325905891033174910e+00 1.247894500610718005e+01
1.455629410896682430e+01 1.040325499389281916e+01 1.247894500610718183e+01
4.164644101885312644e+00 1.247854462432480993e+01 1.247854462432481171e+01
6.247977236030107129e+00 1.455438880317047357e+01 1.247839324712406928e+01
-1.636074596841565962e-02 1.663270484454042375e+01 1.247885591576076436e+01
2.092010882236187364e+00 1.870632762511272063e+01 1.247855437680670754e+01
-2.001690739810545183e-02 8.326660809057800705e+00 1.247877126695896344e+01
2.080478438710792410e+00 1.040345689603173440e+01 1.247874310396826658e+01
1.663199907844465741e+01 1.663199907844465741e+01 1.247814174672485343e+01
1.870846999559945445e+01 1.870846999559945445e+01 1.247802527147941376e+01
1.663270484454042375e+01 -1.636074596841563880e-02 1.247885591576076258e+01
1.870632762511272063e+01 2.092010882236186475e+00 1.247855437680670754e+01
2.080172156128920591e+01 1.247874310396826658e+01 1.247874310396826480e+01
2.290221690739810967e+01 1.455553919094220028e+01 1.247877126695896166e+01
8.325905891033174910e+00 1.247894500610718005e+01 1.247894500610718005e+01
1.040325499389281916e+01 1.455629410896682430e+01 1.247894500610718183e+01
4.175872374887288352e+00 2.079018911776381984e+01 1.247855437680670576e+01
6.249495155459581675e+00 2.289856074596842817e+01 1.247885591576076436e+01
8.328350500698867620e+00 4.166435325272319190e+00 1.247832312816008660e+01
1.040353716526566075e+01 6.246550896778598094e+00 1.247866283473433846e+01
1.247920170847710430e+01 1.247920170847710608e+01 1.247920170847710430e+01
1.455548521747982171e+01 1.455548521747982171e+01 1.247871166109111662e+01
1.247900733127237771e+01 -2.175179745826243821e-02 1.247900733127237771e+01
1.455423714778975253e+01 2.082296834788411211e+00 1.247843196852058512e+01
1.663026022596434927e+01 2.079614367542954056e+01 1.247822542004170110e+01
1.870871834217232177e+01 2.289263129735158842e+01 1.247901961199647758e+01
2.079614367542954056e+01 1.663026022596434927e+01 1.247822542004170110e+01
2.289263129735158842e+01 1.870871834217232177e+01 1.247901961199647758e+01
4.166435325272320078e+00 8.328350500698867620e+00 1.247832312816008660e+01
6.246550896778598982e+00 1.040353716526566075e+01 1.247866283473433846e+01
1.663016305445583143e+01 4.169824057458329847e+00 1.247805680458309041e+01
1.871237594254168002e+01 6.252036945544181101e+00 1.247805680458308863e+01
3.709698768820951661e-04 2.078165356818269771e+01 1.247947541321264175e+01
2.100546431817309490e+00 2.288182903012311442e+01 1.247947541321264886e+01
4.173730004400547422e+00 4.173730004400546534e+00 1.247802527147940843e+01
6.250200921555346234e+00 6.250200921555345346e+00 1.247814174672485343e+01
4.173481657827684543e+00 -1.043129735157053740e-02 1.247901961199647758e+01
6.251939774035650821e+00 2.086056324570472409e+00 1.247822542004170110e+01
8.327811196829527418e+00 1.663422276396989474e+01 1.247839324712406928e+01
1.040365537567519105e+01 1.871755589811468568e+01 1.247854462432481171e+01
2.078398756672839909e+01 2.078398756672839909e+01 1.247888349155858378e+01
2.287339829733334895e+01 2.287339829733335250e+01 1.247986367405232677e+01
2.084109470711328349e+00 8.328789426719863442e+00 1.455341057328013932e+01
-2.001690739810452549e-02 1.040342873304103932e+01 1.455553919094220205e+01
6.247977236030107129e+00 1.247839324712406928e+01 1.455438880317047357e+01
4.168233705175500070e+00 1.455299103568622243e+01 1.455299103568622243e+01
1.871576467472768002e+01 1.247832312816008660e+01 1.455384949930113514e+01
1.663282567431844328e+01 1.455361109562465849e+01 1.455361109562465849e+01
2.289152934947653151e+01 4.175206808539943637e+00 1.455440995433104234e+01
2.079436405887023653e+01 6.253523815917747974e+00 1.455240506329315764e+01
1.455422146184740129e+01 -1.837319676294761617e-02 1.455422146184739951e+01
1.247843196852058512e+01 2.082296834788410766e+00 1.455423714778975075e+01
1.040342873304103755e+01 -2.001690739810450814e-02 1.455553919094220028e+01
8.328789426719863442e+00 2.084109470711327905e+00 1.455341057328013932e+01
6.251531191168887780e+00 -1.485346480781091910e-02 1.455362512911666251e+01
4.177719069151272002e+00 2.093697748116832180e+00 1.455249553893755987e+01
1.870699319146006090e+01 -9.329349476534673502e-03 1.455440995433104057e+01
1.662867618408226278e+01 2.087835941129771555e+00 1.455240506329315586e+01
1.455548521747982171e+01 1.247871166109111485e+01 1.455548521747982171e+01
1.247871166109111662e+01 1.455548521747982171e+01 1.455548521747982171e+01
1.040380675287593348e+01 1.663422276396989474e+01 1.455438880317047534e+01
8.329208964313783881e+00 1.871396629482450180e+01 1.455299103568622243e+01
1.040348833890888436e+01 8.326714782520177494e+00 1.455548521747982171e+01
8.326714782520179270e+00 1.040348833890888436e+01 1.455548521747982171e+01
2.290057319676294867e+01 8.327978538152603250e+00 1.455422146184739951e+01
2.079990316521159244e+01 1.040376803147941764e+01 1.455423714778975075e+01
1.871062435742557284e+01 1.662878394966903173e+01 1.455206112484788683e+01
1.662878394966903173e+01 1.871062435742557284e+01 1.455206112484788683e+01
6.249374325681555042e+00 8.328588904375342494e+00 1.455361109562465849e+01
4.166435325272320078e+00 1.040387687183991439e+01 1.455384949930113336e+01
6.253416050330970144e+00 4.171575642574425480e+00 1.455206112484788505e+01
4.171575642574426368e+00 6.253416050330969256e+00 1.455206112484788505e+01
2.093697748116832624e+00 4.177719069151271114e+00 1.455249553893755987e+01
-1.485346480781105788e-02 6.251531191168886892e+00 1.455362512911666251e+01
1.455299103568622243e+01 4.168233705175500070e+00 1.455299103568622243e+01
1.247839324712406928e+01 6.247977236030107129e+00 1.455438880317047357e+01
1.870671016240692808e+01 4.175489837593077347e+00 1.455172290894681630e+01
1.663056486048522586e+01 6.251635139514778672e+00 1.455251619167509780e+01
6.253523815917748863e+00 2.079436405887023653e+01 1.455240506329315764e+01
4.175206808539945413e+00 2.289152934947653151e+01 1.455440995433104234e+01
2.290221690739810612e+01 1.247877126695896166e+01 1.455553919094220028e+01
2.079809052928867530e+01 1.455341057328013932e+01 1.455341057328013932e+01
1.455361109562466027e+01 1.663282567431844328e+01 1.455361109562466027e+01
1.247832312816008837e+01 1.871576467472768002e+01 1.455384949930113514e+01
1.870448093084873165e+01 2.078850225188316969e+01 1.455249553893755809e+01
1.663066880883111764e+01 2.289705346480781500e+01 1.455362512911666073e+01
2.087835941129771555e+00 1.662867618408226278e+01 1.455240506329315764e+01
-9.329349476534441049e-03 1.870699319146006445e+01 1.455440995433104057e+01
2.082296834788410766e+00 1.247843196852058512e+01 1.455423714778975253e+01
-1.837319676294738025e-02 1.455422146184740129e+01 1.455422146184740129e+01
1.040376803147941942e+01 2.079990316521159244e+01 1.455423714778974897e+01
8.327978538152605026e+00 2.290057319676294867e+01 1.455422146184739951e+01
1.040387687183991439e+01 4.166435325272320078e+00 1.455384949930113336e+01
8.328588904375340718e+00 6.249374325681555042e+00 1.455361109562465849e+01
1.040325499389281916e+01 1.247894500610718183e+01 1.455629410896682430e+01
8.327545327579795043e+00 1.455465467242020416e+01 1.455465467242020416e+01
2.289705346480781500e+01 1.663066880883111409e+01 1.455362512911666073e+01
2.078850225188316969e+01 1.870448093084873165e+01 1.455249553893755809e+01
1.871396629482450180e+01 8.329208964313782104e+00 1.455299103568622243e+01
1.663422276396989830e+01 1.040380675287593171e+01 1.455438880317047534e+01
1.308567629450137042e-03 2.101892371387043656e+00 1.455551468157509554e+01
2.101892371387044101e+00 1.308567629449840404e-03 1.455551468157509554e+01
2.287272464283886109e+01 9.475357161145427087e-03 1.455691684652676976e+01
2.078268101749085162e+01 2.099518982509153808e+00 1.455395723251364615e+01
1.455465467242020594e+01 8.327545327579795043e+00 1.455465467242020416e+01
1.247894500610718183e+01 1.040325499389281916e+01 1.455629410896682430e+01
1.455341057328013932e+01 2.079809052928867530e+01 1.455341057328013932e+01
1.247877126695896166e+01 2.290221690739810967e+01 1.455553919094220028e+01
6.251635139514778672e+00 1.663056486048522586e+01 1.455251619167509780e+01
4.175489837593079123e+00 1.870671016240692808e+01 1.455172290894681630e+01
2.099518982509154696e+00 2.078268101749084806e+01 1.455395723251364615e+01
9.475357161145605764e-03 2.287272464283886109e+01 1.455691684652676976e+01
2.288089143237055723e+01 2.078030762861296665e+01 1.455551468157509376e+01
2.078030762861296665e+01 2.288089143237055723e+01 1.455551468157509376e+01
8.329794936706850450e+00 2.079436405887023653e+01 1.662867618408226278e+01
1.040334408423924017e+01 2.289856074596842461e+01 1.663270484454042375e+01
2.102857424280386134e+00 2.102857424280385690e+00 1.662615040530987187e+01
1.112325407623392798e-02 1.112325407623332950e-02 1.663221690204066761e+01
-6.469910597738507720e-03 4.179428630489137042e+00 1.662721355973339854e+01
2.091468615798449893e+00 6.255542476731473123e+00 1.662665752326853408e+01
1.247814174672485521e+01 1.663199907844465741e+01 1.663199907844465741e+01
1.455206112484788861e+01 1.871062435742557639e+01 1.662878394966903173e+01
1.662844826000742415e+01 1.662844826000742415e+01 1.662844826000742415e+01
1.870356942630642294e+01 1.870356942630641939e+01 1.662515590534728815e+01
8.328574870883342030e+00 -1.485346480781020440e-02 1.663066880883111764e+01
1.040397457995830166e+01 2.086056324570473741e+00 1.663026022596434927e+01
1.662657265201805501e+01 4.174927809868567152e+00 1.662657265201805501e+01
1.870727219013143383e+01 6.255627347981949526e+00 1.662657265201805501e+01
3.404020282167519607e-03 2.077755157007475972e+01 1.662978225060635751e+01
2.104648429925239483e+00 2.287879597971783241e+01 1.662978225060635395e+01
2.079436405887023653e+01 8.329794936706848674e+00 1.662867618408226278e+01
2.289856074596842461e+01 1.040334408423923840e+01 1.663270484454042375e+01
-1.636074596841582615e-02 1.247885591576076258e+01 1.663270484454042375e+01
2.087835941129771555e+00 1.455240506329315764e+01 1.662867618408226278e+01
-1.176566487802160714e-02 1.662766021595955834e+01 1.662766021595955479e+01
2.097104012673034923e+00 1.870111994397585775e+01 1.662513637459874261e+01
1.247839324712406928e+01 8.327811196829527418e+00 1.663422276396989474e+01
1.455438880317047534e+01 1.040380675287593171e+01 1.663422276396989830e+01
8.328588904375340718e+00 8.328588904375340718e+00 1.663282567431843972e+01
1.040353716526566252e+01 1.040353716526566075e+01 1.663564910322140378e+01
4.181080056024145009e+00 2.078509598732696873e+01 1.662513637459874616e+01
6.254539784040447081e+00 2.289396566487801721e+01 1.662766021595955834e+01
1.662665752326853408e+01 2.079073138420155686e+01 1.662665752326853408e+01
1.870277136951087016e+01 2.288866991059775202e+01 1.662721355973339499e+01
1.247885591576076258e+01 -1.636074596841624249e-02 1.663270484454042020e+01
1.455240506329315586e+01 2.087835941129770667e+00 1.662867618408226278e+01
1.247822542004170288e+01 2.079614367542954056e+01 1.663026022596434927e+01
1.455362512911666428e+01 2.289705346480781500e+01 1.663066880883111764e+01
2.079614367542954056e+01 1.247822542004170110e+01 1.663026022596434927e+01
2.289705346480781500e+01 1.455362512911666073e+01 1.663066880883111764e+01
1.663056486048522231e+01 8.329683808324904959e+00 1.663056486048522586e+01
1.871237594254167647e+01 1.040414319541691235e+01 1.663016305445582788e+01
8.329683808324906735e+00 1.663056486048522231e+01 1.663056486048522231e+01
1.040414319541691590e+01 1.871237594254167647e+01 1.663016305445582788e+01
4.179428630489137042e+00 -6.469910597738811296e-03 1.662721355973339854e+01
6.255542476731474011e+00 2.091468615798449893e+00 1.662665752326853408e+01
-1.485346480781005174e-02 8.328574870883340253e+00 1.663066880883111764e+01
2.086056324570473741e+00 1.040397457995829988e+01 1.663026022596434927e+01
4.174927809868568929e+00 1.662657265201805501e+01 1.662657265201805501e+01
6.255627347981951303e+00 1.870727219013143383e+01 1.662657265201805501e+01
4.178630573693584260e+00 4.178630573693584260e+00 1.662515590534729171e+01
6.253751739992580383e+00 6.253751739992580383e+00 1.662844826000742060e+01
2.077755157007475972e+01 3.404020282166373389e-03 1.662978225060635751e+01
2.287879597971783241e+01 2.104648429925237707e+00 1.662978225060635751e+01
1.247866283473434024e+01 1.247866283473433846e+01 1.663564910322140378e+01
1.455361109562466027e+01 1.455361109562465849e+01 1.663282567431843972e+01
2.079073138420155686e+01 1.662665752326853053e+01 1.662665752326853053e+01
2.288866991059775557e+01 1.870277136951086661e+01 1.662721355973339499e+01
8.330138875152114153e+00 4.171575642574426368e+00 1.662878394966903173e+01
1.040405825327514755e+01 6.250200921555345346e+00 1.663199907844465741e+01
4.169824057458329847e+00 1.247805680458309041e+01 1.663016305445582788e+01
6.251635139514778672e+00 1.455251619167509780e+01 1.663056486048522586e+01
1.663199907844465741e+01 1.247814174672485343e+01 1.663199907844465741e+01
1.871062435742557284e+01 1.455206112484788683e+01 1.662878394966903173e+01
1.662766021595955479e+01 -1.176566487802160020e-02 1.662766021595955479e+01
1.870111994397585775e+01 2.097104012673033591e+00 1.662513637459874261e+01
4.171575642574426368e+00 8.330138875152114153e+00 1.662878394966903173e+01
6.250200921555346234e+00 1.040405825327514755e+01 1.663199907844465741e+01
1.247805680458309041e+01 4.169824057458329847e+00 1.663016305445582788e+01
1.455251619167509780e+01 6.251635139514778672e+00 1.663056486048522586e+01
8.327811196829527418e+00 1.247839324712406928e+01 1.663422276396989474e+01
1.040380675287593348e+01 1.455438880317047357e+01 1.663422276396989474e+01
2.078509598732696873e+01 4.181080056024144120e+00 1.662513637459874616e+01
2.289396566487801365e+01 6.254539784040446193e+00 1.662766021595955834e+01
2.077934257571962817e+01 2.077934257571962817e+01 1.662615040530986832e+01
2.287107674592378004e+01 2.287107674592378004e+01 1.663221690204066405e+01
2.102483172042637793e+00 4.184240259624630198e+00 1.869795974037538144e+01
-6.469910597737643827e-03 6.254986440266607772e+00 1.870277136951087371e+01
1.040318038800352518e+01 -1.043129735156990770e-02 1.870871834217232177e+01
8.329704461062444665e+00 2.093697748116832180e+00 1.870448093084873165e+01
1.455249553893755987e+01 2.078850225188316969e+01 1.870448093084873165e+01
1.247901961199647936e+01 2.289263129735158842e+01 1.870871834217232177e+01
1.040365537567519105e+01 1.247854462432481171e+01 1.871755589811468568e+01
8.329208964313783881e+00 1.455299103568622243e+01 1.871396629482450180e+01
6.257044094652711941e+00 4.178630573693583372e+00 1.870356942630642294e+01
4.178630573693584260e+00 6.257044094652711053e+00 1.870356942630642294e+01
2.289152934947653151e+01 8.327790045668960417e+00 1.870699319146006090e+01
2.079018911776381628e+01 1.040364562319329877e+01 1.870632762511272063e+01
2.108393521784757141e+00 2.077380647821524917e+01 1.869554886870493604e+01
1.404269179755347589e-02 2.286815730820245562e+01 1.870409637993428476e+01
1.870671016240692452e+01 8.330477091053188232e+00 1.870671016240692808e+01
1.663016305445582788e+01 1.040414319541691412e+01 1.871237594254168002e+01
1.869795974037537789e+01 2.077971682795736186e+01 1.869795974037537789e+01
1.662721355973339854e+01 2.288866991059775202e+01 1.870277136951087016e+01
1.455384949930113514e+01 1.247832312816008837e+01 1.871576467472768002e+01
1.247832312816008837e+01 1.455384949930113514e+01 1.871576467472768002e+01
1.040364562319330055e+01 2.079018911776381984e+01 1.870632762511272063e+01
8.327790045668962193e+00 2.289152934947653506e+01 1.870699319146006090e+01
1.455172290894681630e+01 4.175489837593077347e+00 1.870671016240692808e+01
1.247805680458309041e+01 6.252036945544180213e+00 1.871237594254168002e+01
6.257063625401261042e+00 2.078509598732696873e+01 1.870111994397585420e+01
4.184313344527896383e+00 2.288389657135612509e+01 1.869788665547210016e+01
6.253416050330971032e+00 8.330138875152114153e+00 1.871062435742557284e+01
4.173730004400548310e+00 1.040417472852059078e+01 1.870846999559945445e+01
6.255627347981951303e+00 1.662657265201805501e+01 1.870727219013143028e+01
4.182432959036308517e+00 1.869976704096369602e+01 1.869976704096369602e+01
2.289263129735158842e+01 1.247901961199647758e+01 1.870871834217232177e+01
2.078850225188316969e+01 1.455249553893755809e+01 1.870448093084873165e+01
1.869788665547210371e+01 -1.696571356119906367e-03 1.869788665547210371e+01
1.662513637459874261e+01 2.097104012673033147e+00 1.870111994397585775e+01
1.040387687183991261e+01 8.328350500698867620e+00 1.871576467472768002e+01
8.328350500698867620e+00 1.040387687183991261e+01 1.871576467472768002e+01
6.252036945544180213e+00 1.247805680458308863e+01 1.871237594254167647e+01
4.175489837593077347e+00 1.455172290894681808e+01 1.870671016240692808e+01
2.286815730820245562e+01 1.404269179755049564e-02 1.870409637993428831e+01
2.077380647821524917e+01 2.108393521784755364e+00 1.869554886870493604e+01
1.870846999559945445e+01 1.247802527147941376e+01 1.870846999559945445e+01
1.662878394966903173e+01 1.455206112484788683e+01 1.871062435742557284e+01
2.097104012673034035e+00 1.662513637459874616e+01 1.870111994397585420e+01
-1.696571356119712945e-03 1.869788665547210726e+01 1.869788665547210371e+01
8.152571823397528061e-03 2.111289139853039121e+00 1.869816377930991891e+01
2.111289139853039121e+00 8.152571823397602654e-03 1.869816377930991891e+01
1.455206112484788861e+01 1.662878394966903173e+01 1.871062435742557284e+01
1.247802527147941554e+01 1.870846999559945445e+01 1.870846999559945445e+01
1.040414319541691590e+01 1.663016305445582788e+01 1.871237594254167647e+01
8.330477091053190009e+00 1.870671016240692808e+01 1.870671016240692452e+01
2.288866991059775557e+01 1.662721355973339499e+01 1.870277136951087016e+01
2.077971682795736541e+01 1.869795974037537434e+01 1.869795974037537789e+01
2.093697748116832624e+00 8.329704461062442888e+00 1.870448093084873165e+01
-1.043129735156905075e-02 1.040318038800352340e+01 1.870871834217232177e+01
1.455299103568622243e+01 8.329208964313782104e+00 1.871396629482450535e+01
1.247854462432481171e+01 1.040365537567518928e+01 1.871755589811468923e+01
1.455440995433104057e+01 -9.329349476535849645e-03 1.870699319146006090e+01
1.247855437680670576e+01 2.092010882236185587e+00 1.870632762511271707e+01
1.869976704096369602e+01 4.182432959036307629e+00 1.869976704096369602e+01
1.662657265201805501e+01 6.255627347981949526e+00 1.870727219013143383e+01
2.288389657135612509e+01 4.184313344527896383e+00 1.869788665547210016e+01
2.078509598732696873e+01 6.257063625401260154e+00 1.870111994397585420e+01
1.040417472852059078e+01 4.173730004400548310e+00 1.870846999559945445e+01
8.330138875152114153e+00 6.253416050330971032e+00 1.871062435742557284e+01
1.870356942630642294e+01 1.662515590534728815e+01 1.870356942630642294e+01
1.662515590534728815e+01 1.870356942630642294e+01 1.870356942630642294e+01
6.254986440266607772e+00 -6.469910597737834647e-03 1.870277136951087371e+01
4.184240259624630198e+00 2.102483172042637349e+00 1.869795974037538144e+01
2.092010882236186475e+00 1.247855437680670754e+01 1.870632762511271707e+01
-9.329349476534673502e-03 1.455440995433104057e+01 1.870699319146006090e+01
2.287404742817660974e+01 2.077091086014697296e+01 1.869816377930991180e+01
2.077091086014697296e+01 2.287404742817660974e+01 1.869816377930991536e+01
8.326685318424910776e+00 1.308567629449710300e-03 2.078030762861297021e+01
1.040331650844141897e+01 2.098212433271609889e+00 2.078398756672839909e+01
1.662615040530987187e+01 2.077934257571962817e+01 2.077934257571963172e+01
1.869816377930991536e+01 2.287404742817660974e+01 2.077091086014697296e+01
2.078268101749085162e+01 8.328242767486354836e+00 2.078268101749085162e+01
2.288182903012311797e+01 1.040272458678735923e+01 2.078165356818269416e+01
4.175872374887287464e+00 1.247855437680670754e+01 2.079018911776381628e+01
6.253523815917748863e+00 1.455240506329315764e+01 2.079436405887023298e+01
1.662978225060635751e+01 3.404020282165669091e-03 2.077755157007475972e+01
1.869554886870493604e+01 2.108393521784755364e+00 2.077380647821524917e+01
1.247947541321263998e+01 3.709698768808614524e-04 2.078165356818269416e+01
1.455395723251364615e+01 2.099518982509152476e+00 2.078268101749084806e+01
4.186651131295071160e+00 2.077380647821524562e+01 2.077380647821524562e+01
6.252417749393636370e+00 2.287879597971783241e+01 2.077755157007475617e+01
1.247822542004170288e+01 1.663026022596434927e+01 2.079614367542954056e+01
1.455249553893755987e+01 1.870448093084873165e+01 2.078850225188316969e+01
1.247843196852058334e+01 8.327962852210253786e+00 2.079990316521159244e+01
1.455423714778975075e+01 1.040376803147941942e+01 2.079990316521159244e+01
4.181080056024145009e+00 1.662513637459874616e+01 2.078509598732696873e+01
6.257063625401261042e+00 1.870111994397585420e+01 2.078509598732696517e+01
1.663026022596434927e+01 1.247822542004170288e+01 2.079614367542954056e+01
1.870448093084873165e+01 1.455249553893755987e+01 2.078850225188316969e+01
8.327962852210253786e+00 1.247843196852058512e+01 2.079990316521158888e+01
1.040376803147941942e+01 1.455423714778975075e+01 2.079990316521159244e+01
4.184036220690089181e+00 8.152571823399084108e-03 2.077091086014697652e+01
6.256049594690137106e+00 2.102857424280385246e+00 2.077934257571963172e+01
2.078398756672839909e+01 1.247888349155858378e+01 2.078398756672839909e+01
2.288089143237055723e+01 1.455551468157509376e+01 2.078030762861297021e+01
2.076329042592176677e+01 1.839408023193995351e-02 2.076329042592176677e+01
2.286380591976807253e+01 2.118909574078251090e+00 2.076329042592176677e+01
3.404020282166756763e-03 1.662978225060635751e+01 2.077755157007475617e+01
2.108393521784756697e+00 1.869554886870493604e+01 2.077380647821524917e+01
1.839408023194174027e-02 2.076329042592176677e+01 2.076329042592176677e+01
2.118909574078251978e+00 2.286380591976807253e+01 2.076329042592176677e+01
2.113004033962980976e+00 2.113004033962980976e+00 2.076919596603702445e+01
2.450299125505175230e-02 2.450299125505196046e-02 2.076326500313511403e+01
1.662513637459874616e+01 4.181080056024143232e+00 2.078509598732696873e+01
1.870111994397585420e+01 6.257063625401260154e+00 2.078509598732696873e+01
8.328242767486354836e+00 2.078268101749085162e+01 2.078268101749085162e+01
1.040272458678736101e+01 2.288182903012311797e+01 2.078165356818269416e+01
8.328789426719863442e+00 8.328789426719863442e+00 2.079809052928867530e+01
1.040345689603173618e+01 1.040345689603173618e+01 2.080172156128920591e+01
4.184240259624630198e+00 4.184240259624629310e+00 2.077971682795736541e+01
6.255542476731474899e+00 6.255542476731474011e+00 2.079073138420156042e+01
1.247888349155858556e+01 2.078398756672839909e+01 2.078398756672839909e+01
1.455551468157509554e+01 2.288089143237055723e+01 2.078030762861296665e+01
1.662665752326853408e+01 1.662665752326853408e+01 2.079073138420156042e+01
1.869795974037537789e+01 1.869795974037537789e+01 2.077971682795736541e+01
2.077934257571963172e+01 1.662615040530987187e+01 2.077934257571963172e+01
2.287404742817661329e+01 1.869816377930991536e+01 2.077091086014697296e+01
1.247855437680670754e+01 4.175872374887286576e+00 2.079018911776381628e+01
1.455240506329315942e+01 6.253523815917747086e+00 2.079436405887023653e+01
2.077380647821524562e+01 4.186651131295069383e+00 2.077380647821524562e+01
2.287879597971783241e+01 6.252417749393636370e+00 2.077755157007475972e+01
1.247874310396826658e+01 1.247874310396826658e+01 2.080172156128920591e+01
1.455341057328013932e+01 1.455341057328013932e+01 2.079809052928867530e+01
3.709698768819883179e-04 1.247947541321264175e+01 2.078165356818269416e+01
2.099518982509153808e+00 1.455395723251364792e+01 2.078268101749084806e+01
8.152571823398891554e-03 4.184036220690089181e+00 2.077091086014697652e+01
2.102857424280385690e+00 6.256049594690136217e+00 2.077934257571963172e+01
8.329704461062444665e+00 4.177719069151273779e+00 2.078850225188316969e+01
1.040397457995830166e+01 6.251939774035651709e+00 2.079614367542954056e+01
4.177719069151273779e+00 8.329704461062444665e+00 2.078850225188316969e+01
6.251939774035652597e+00 1.040397457995830166e+01 2.079614367542954056e+01
1.662867618408226278e+01 8.329794936706848674e+00 2.079436405887023653e+01
1.870632762511271707e+01 1.040364562319329877e+01 2.079018911776381984e+01
8.329794936706848674e+00 1.662867618408226278e+01 2.079436405887023298e+01
1.040364562319329877e+01 1.870632762511272063e+01 2.079018911776381628e+01
1.308567629450542533e-03 8.326685318424910776e+00 2.078030762861297021e+01
2.098212433271610333e+00 1.040331650844141897e+01 2.078398756672839909e+01
2.076919596603702445e+01 2.076919596603702090e+01 2.076919596603702090e+01
2.285769700874494603e+01 2.285769700874494248e+01 2.076326500313511048e+01
1.040233632594767421e+01 8.801702666669878813e-03 2.287339829733335606e+01
8.326685318424908999e+00 2.101892371387044989e+00 2.288089143237056078e+01
6.252417749393637258e+00 2.077755157007475972e+01 2.287879597971783241e+01
4.178103620065731327e+00 2.286815730820245562e+01 2.286815730820245562e+01
1.870871834217232177e+01 1.247901961199647936e+01 2.289263129735158842e+01
1.663066880883111764e+01 1.455362512911666251e+01 2.289705346480781500e+01
1.455440995433104234e+01 4.175206808539942749e+00 2.289152934947653151e+01
1.247885591576076436e+01 6.249495155459578122e+00 2.289856074596842461e+01
2.118934996864892728e+00 2.450299125505204373e-02 2.285769700874494248e+01
2.450299125505184250e-02 2.118934996864893172e+00 2.285769700874494248e+01
1.040334408423923840e+01 1.663270484454042375e+01 2.289856074596842461e+01
8.327790045668960417e+00 1.870699319146006090e+01 2.289152934947653151e+01
1.869788665547210016e+01 4.184313344527895495e+00 2.288389657135612509e+01
1.662766021595955834e+01 6.254539784040446193e+00 2.289396566487801721e+01
1.455553919094220205e+01 1.247877126695896344e+01 2.290221690739810967e+01
1.247877126695896344e+01 1.455553919094220205e+01 2.290221690739810967e+01
2.284306339818077447e+01 3.913660181923810794e-02 2.284306339818077447e+01
2.076329042592176677e+01 2.118909574078250202e+00 2.286380591976807253e+01
1.455551468157509554e+01 2.078030762861296665e+01 2.288089143237055723e+01
1.247986367405232855e+01 2.287339829733335250e+01 2.287339829733335250e+01
6.254986440266606884e+00 4.179428630489137042e+00 2.288866991059775913e+01
4.179428630489137042e+00 6.254986440266606884e+00 2.288866991059775913e+01
2.287339829733335250e+01 1.247986367405232500e+01 2.287339829733335250e+01
2.078030762861297021e+01 1.455551468157509376e+01 2.288089143237055723e+01
2.104648429925237707e+00 1.662978225060635751e+01 2.287879597971783241e+01
1.404269179755025451e-02 1.870409637993428831e+01 2.286815730820245207e+01
2.100546431817309490e+00 1.247947541321264886e+01 2.288182903012311442e+01
9.475357161144533705e-03 1.455691684652677154e+01 2.287272464283885753e+01
6.249983097959329825e+00 1.112325407623586740e-02 2.287107674592378359e+01
4.184036220690085628e+00 2.111289139853039565e+00 2.287404742817660974e+01
1.040319266872762505e+01 1.247900733127237949e+01 2.290395179745826937e+01
8.327978538152603250e+00 1.455422146184739951e+01 2.290057319676294512e+01
1.870277136951087371e+01 1.662721355973339499e+01 2.288866991059775557e+01
1.662721355973339854e+01 1.870277136951087016e+01 2.288866991059775557e+01
1.455691684652676798e+01 9.475357161144452173e-03 2.287272464283886109e+01
1.247947541321264708e+01 2.100546431817308601e+00 2.288182903012311442e+01
6.251531191168888668e+00 8.328574870883342030e+00 2.289705346480781500e+01
4.173481657827685432e+00 1.040318038800352696e+01 2.289263129735158842e+01
2.118909574078251534e+00 2.076329042592176322e+01 2.286380591976807253e+01
3.913660181923993286e-02 2.284306339818077447e+01 2.284306339818077447e+01
2.101892371387045877e+00 8.326685318424908999e+00 2.288089143237056078e+01
8.801702666671875480e-03 1.040233632594767421e+01 2.287339829733335606e+01
2.286815730820245562e+01 4.178103620065730439e+00 2.286815730820245562e+01
2.077755157007475617e+01 6.252417749393635482e+00 2.287879597971783241e+01
1.870699319146006090e+01 8.327790045668960417e+00 2.289152934947653506e+01
1.663270484454042375e+01 1.040334408423923840e+01 2.289856074596842817e+01
2.287107674592378359e+01 1.663221690204066405e+01 2.287107674592378359e+01
2.077091086014697652e+01 1.869816377930991536e+01 2.287404742817661329e+01
1.455422146184739773e+01 8.327978538152603250e+00 2.290057319676294512e+01
1.247900733127237771e+01 1.040319266872762505e+01 2.290395179745827292e+01
1.040342873304104110e+01 8.326660809057802481e+00 2.290221690739810967e+01
8.326660809057804258e+00 1.040342873304104110e+01 2.290221690739810612e+01
1.870409637993428831e+01 1.404269179754977746e-02 2.286815730820245562e+01
1.662978225060635751e+01 2.104648429925236375e+00 2.287879597971783241e+01
1.455362512911666251e+01 1.663066880883111764e+01 2.289705346480781500e+01
1.247901961199647936e+01 1.870871834217232177e+01 2.289263129735158842e+01
6.249495155459580786e+00 1.247885591576076436e+01 2.289856074596842461e+01
4.175206808539944525e+00 1.455440995433104234e+01 2.289152934947653151e+01
2.111289139853039565e+00 4.184036220690085628e+00 2.287404742817660974e+01
1.112325407623620567e-02 6.249983097959329825e+00 2.287107674592378359e+01
1.869816377930991536e+01 2.077091086014697296e+01 2.287404742817661329e+01
1.663221690204066405e+01 2.287107674592378004e+01 2.287107674592378359e+01
1.040272458678736101e+01 2.078165356818269416e+01 2.288182903012311797e+01
8.325283153473236553e+00 2.287272464283886109e+01 2.287272464283885753e+01
1.040318038800352696e+01 4.173481657827684543e+00 2.289263129735158842e+01
8.328574870883343806e+00 6.251531191168886892e+00 2.289705346480781500e+01
6.254539784040447081e+00 1.662766021595955834e+01 2.289396566487801365e+01
4.184313344527898160e+00 1.869788665547210016e+01 2.288389657135612509e+01
2.287272464283885753e+01 8.325283153473234776e+00 2.287272464283886109e+01
2.078165356818269416e+01 1.040272458678735923e+01 2.288182903012311442e+01
2.285769700874494603e+01 2.076326500313511403e+01 2.285769700874493893e+01
2.076326500313511403e+01 2.285769700874494248e+01 2.285769700874494248e+01
