2.114442348628735147e+00 2.114442348628736035e+00 1.392751851691093404e-02
3.465910763839209069e-02 3.465910763839238212e-02 3.465910763839209763e-02
9.824797131553569818e-03 4.174122919153925082e+00 9.824797131554263707e-03
2.100486935412701595e+00 6.248623452589832539e+00 -7.890911675819614482e-04
6.040700602763068167e-03 8.322453146132669843e+00 6.040700602764251248e-03
2.098396469615241511e+00 1.039864402385255993e+01 -2.384233325836639713e-03
7.212122904173285352e-03 1.247519860702436745e+01 7.212122904172949683e-03
2.106865670519184164e+00 1.454199603365950111e+01 3.745445722828098182e-03
2.011754344573807307e-02 1.660722192918903062e+01 2.011754344573769143e-02
2.114578070810962718e+00 1.870168245655425565e+01 2.011754344573862124e-02
4.174122919153924194e+00 9.824797131554530855e-03 9.824797131553734617e-03
6.248623452589831651e+00 2.100486935412703371e+00 -7.890911675823296433e-04
4.179885882905686856e+00 4.179885882905687744e+00 -6.202169332549184802e-03
6.250238268988764112e+00 6.250238268988765000e+00 -1.601520123969955162e-02
4.171890827291479198e+00 8.323607711929088993e+00 -1.315703816791163189e-02
6.248035289096073086e+00 1.039777106679234109e+01 -1.847510240429281816e-02
4.175207281768440026e+00 1.247101333287703717e+01 -1.083304543782971641e-02
6.250786667122961049e+00 1.454659271823155819e+01 -1.083304543783196287e-02
4.179803966340496224e+00 1.661493432948081761e+01 3.745445722826723414e-03
6.246601392975630773e+00 1.871458787709581628e+01 7.212122904172663454e-03
8.322453146132668067e+00 6.040700602764214819e-03 6.040700602763505317e-03
1.039864402385255993e+01 2.098396469615241955e+00 -2.384233325837196993e-03
8.323607711929088993e+00 4.171890827291480086e+00 -1.315703816791190424e-02
1.039777106679234109e+01 6.248035289096074862e+00 -1.847510240429325185e-02
8.323675888564890712e+00 8.323675888564892489e+00 -2.105443047802343232e-02
1.039812411143510751e+01 1.039812411143510928e+01 -2.105443047802382089e-02
8.324028933207658909e+00 1.247376471090392158e+01 -1.847510240429401512e-02
1.039819228807091100e+01 1.454990917270851547e+01 -1.315703816791338222e-02
8.323155976147441848e+00 1.662340353038475627e+01 -2.384233325839611294e-03
1.039934685386733193e+01 1.871575929939723792e+01 6.040700602760143423e-03
1.247519860702436745e+01 7.212122904173137901e-03 7.212122904172916724e-03
1.454199603365950111e+01 2.106865670519183720e+00 3.745445722828237393e-03
1.247101333287703717e+01 4.175207281768440026e+00 -1.083304543783026631e-02
1.454659271823155642e+01 6.250786667122961049e+00 -1.083304543783259605e-02
1.247376471090392158e+01 8.324028933207660685e+00 -1.847510240429474718e-02
1.454990917270851547e+01 1.039819228807091278e+01 -1.315703816791380550e-02
1.247156173101123677e+01 1.247156173101123677e+01 -1.601520123970200105e-02
1.454191411709431669e+01 1.454191411709431492e+01 -6.202169332553470436e-03
1.247317654741016746e+01 1.662131306458729796e+01 -7.890911675861601296e-04
1.454767708084607847e+01 1.871197520286844806e+01 9.824797131550027512e-03
1.660722192918903062e+01 2.011754344573802450e-02 2.011754344573798287e-02
1.870168245655425565e+01 2.114578070810963162e+00 2.011754344573883635e-02
1.661493432948081761e+01 4.179803966340496224e+00 3.745445722826646652e-03
1.871458787709581628e+01 6.246601392975630773e+00 7.212122904172001657e-03
1.662340353038475627e+01 8.323155976147441848e+00 -2.384233325840123905e-03
1.871575929939723792e+01 1.039934685386733193e+01 6.040700602759898827e-03
1.662131306458729796e+01 1.247317654741016568e+01 -7.890911675864246749e-04
1.871197520286844451e+01 1.454767708084607847e+01 9.824797131549458523e-03
1.660735765137126307e+01 1.660735765137126663e+01 1.392751851690742643e-02
1.868714089236160447e+01 1.868714089236160447e+01 3.465910763839182701e-02
1.039788613027033648e+01 8.323913869729665294e+00 2.082023241460809526e+00
8.323913869729665294e+00 1.039788613027033648e+01 2.082023241460809970e+00
6.252421934608501708e+00 4.176687528033274255e+00 2.092698150034574045e+00
4.176687528033273367e+00 6.252421934608502596e+00 2.092698150034574489e+00
1.039737310116952251e+01 1.247219911827783889e+01 2.084665712801313742e+00
8.324670569470773884e+00 1.454766163045213645e+01 2.090028861545399241e+00
2.098577511269315021e+00 1.247000141287756314e+01 2.098577511269314577e+00
3.745445722828176678e-03 1.454199603365950111e+01 2.106865670519183720e+00
1.039792761530437737e+01 1.662587353919050415e+01 2.095926460809490077e+00
8.323155976147441848e+00 1.872418423332583615e+01 2.098396469615239734e+00
6.249600881722162882e+00 8.324426898830479260e+00 2.084665712801313298e+00
4.174138369547859995e+00 1.039712943052922967e+01 2.090028861545401462e+00
1.454199603365950111e+01 3.745445722828059151e-03 2.106865670519183276e+00
1.247000141287756136e+01 2.098577511269315021e+00 2.098577511269314577e+00
1.392751851691078312e-02 2.114442348628735591e+00 2.114442348628735591e+00
2.114442348628735591e+00 1.392751851691122200e-02 2.114442348628735147e+00
1.454210237027876573e+01 4.179697629721236929e+00 2.097890188398956912e+00
1.247089013694604986e+01 6.250909863053953686e+00 2.087318182684274159e+00
6.250909863053953686e+00 1.247089013694604986e+01 2.087318182684275047e+00
4.179697629721236929e+00 1.454210237027876573e+01 2.097890188398957356e+00
1.454766163045213823e+01 8.324670569470773884e+00 2.090028861545398353e+00
1.247219911827783889e+01 1.039737310116952251e+01 2.084665712801313298e+00
2.108533851763616962e+00 1.661326614823637726e+01 2.108533851763616962e+00
2.011754344573842695e-02 1.870168245655425565e+01 2.114578070810962718e+00
1.454511247196672485e+01 1.246937806539150095e+01 2.092698150034572269e+00
1.246937806539150095e+01 1.454511247196672485e+01 2.092698150034572269e+00
6.251798587122441297e+00 1.662322248873068276e+01 2.098577511269313689e+00
4.179803966340495336e+00 1.871805455427715259e+01 2.106865670519183720e+00
1.453957068291073718e+01 1.661792641431243212e+01 2.103873585687567882e+00
1.247317654741016746e+01 1.872258909116758119e+01 2.100486935412698042e+00
2.095926460809492742e+00 8.323872384695626181e+00 2.095926460809493630e+00
-2.384233325837220845e-03 1.039864402385255993e+01 2.098396469615241511e+00
1.870168245655425565e+01 2.011754344573855532e-02 2.114578070810963162e+00
1.661326614823637726e+01 2.108533851763616962e+00 2.108533851763616962e+00
1.039864402385255993e+01 -2.384233325836815354e-03 2.098396469615241067e+00
8.323872384695626181e+00 2.095926460809493630e+00 2.095926460809492742e+00
1.871805455427715259e+01 4.179803966340496224e+00 2.106865670519183276e+00
1.662322248873068276e+01 6.251798587122441297e+00 2.098577511269313245e+00
6.248623452589831651e+00 -7.890911675818209356e-04 2.100486935412702039e+00
4.182229317089260157e+00 2.103873585687571879e+00 2.103873585687570991e+00
1.872418423332583615e+01 8.323155976147441848e+00 2.098396469615239290e+00
1.662587353919050415e+01 1.039792761530437737e+01 2.095926460809489633e+00
1.039712943052922967e+01 4.174138369547860883e+00 2.090028861545400574e+00
8.324426898830479260e+00 6.249600881722162882e+00 2.084665712801313298e+00
1.872258909116758119e+01 1.247317654741016746e+01 2.100486935412698042e+00
1.661792641431243212e+01 1.453957068291073718e+01 2.103873585687567438e+00
2.103873585687570991e+00 4.182229317089261045e+00 2.103873585687570991e+00
-7.890911675829334355e-04 6.248623452589832539e+00 2.100486935412702927e+00
1.870787248148308990e+01 1.660735765137126307e+01 2.114442348628732926e+00
1.660735765137126307e+01 1.870787248148308990e+01 2.114442348628732926e+00
1.246971196978570262e+01 4.174134222654608983e+00 4.174134222654608983e+00
1.454766577734538835e+01 6.252088030214301817e+00 4.174134222654608983e+00
4.171902254858149028e+00 8.324753473508891943e+00 4.171902254858149917e+00
6.249285413116864696e+00 1.039743786924184477e+01 4.168399153092690490e+00
8.324753473508891943e+00 4.171902254858149917e+00 4.171902254858149028e+00
1.039743786924184477e+01 6.249285413116865584e+00 4.168399153092689602e+00
1.247251458688313797e+01 8.324362130758158784e+00 4.168399153092690490e+00
1.454989774514185008e+01 1.039704652649111161e+01 4.171902254858148140e+00
-1.083304543783048662e-02 1.247101333287703717e+01 4.175207281768440026e+00
2.097890188398956912e+00 1.454210237027876573e+01 4.179697629721236929e+00
4.179885882905686856e+00 -6.202169332548853470e-03 4.179885882905686856e+00
6.252421934608501708e+00 2.092698150034574489e+00 4.176687528033273367e+00
1.247109554922323937e+01 1.247109554922323760e+01 4.170741923307526022e+00
1.454407421866467764e+01 1.454407421866467764e+01 4.177725781335327682e+00
8.324014279528238802e+00 8.324014279528238802e+00 4.166109247212801847e+00
1.039778572047176297e+01 1.039778572047176297e+01 4.166109247212801847e+00
4.174134222654608983e+00 1.246971196978570262e+01 4.174134222654609871e+00
6.252088030214301817e+00 1.454766577734538835e+01 4.174134222654608983e+00
1.246937806539149918e+01 1.662910184996542640e+01 4.176687528033270702e+00
1.454191411709431492e+01 1.872800216933254802e+01 4.179885882905684191e+00
-1.315703816791223384e-02 8.323607711929090769e+00 4.171890827291479198e+00
2.090028861545401018e+00 1.039712943052923144e+01 4.174138369547859995e+00
8.324362130758158784e+00 1.247251458688313797e+01 4.168399153092690490e+00
1.039704652649111338e+01 1.454989774514184830e+01 4.171902254858149028e+00
1.661493432948081406e+01 3.745445722826250268e-03 4.179803966340495336e+00
1.871805455427715259e+01 2.106865670519183276e+00 4.179803966340495336e+00
2.103873585687570991e+00 2.103873585687571435e+00 4.182229317089260157e+00
9.824797131554145746e-03 9.824797131554085031e-03 4.174122919153924194e+00
4.179697629721236929e+00 1.662390981160102754e+01 4.179697629721236929e+00
6.250786667122960161e+00 1.873263304543781516e+01 4.175207281768438250e+00
1.662390981160102754e+01 4.179697629721236929e+00 4.179697629721236041e+00
1.873263304543781516e+01 6.250786667122960161e+00 4.175207281768438250e+00
8.324670569470773884e+00 1.663177113845459232e+01 4.174138369547858218e+00
1.039819228807091100e+01 1.873495703816790936e+01 4.171890827291476533e+00
4.177725781335327682e+00 4.177725781335328570e+00 4.177725781335327682e+00
6.250704450776766841e+00 6.250704450776767729e+00 4.170741923307526910e+00
1.663177113845459587e+01 8.324670569470773884e+00 4.174138369547858218e+00
1.873495703816790936e+01 1.039819228807091100e+01 4.171890827291476533e+00
3.745445722826193456e-03 1.661493432948081761e+01 4.179803966340496224e+00
2.106865670519182832e+00 1.871805455427715259e+01 4.179803966340496224e+00
1.247101333287703717e+01 -1.083304543782998876e-02 4.175207281768440026e+00
1.454210237027876573e+01 2.097890188398957356e+00 4.179697629721236041e+00
1.662910184996542640e+01 1.246937806539149918e+01 4.176687528033270702e+00
1.872800216933254447e+01 1.454191411709431492e+01 4.179885882905685079e+00
8.323607711929088993e+00 -1.315703816791175158e-02 4.171890827291478310e+00
1.039712943052922967e+01 2.090028861545401462e+00 4.174138369547859995e+00
-6.202169332549459756e-03 4.179885882905686856e+00 4.179885882905686856e+00
2.092698150034573601e+00 6.252421934608501708e+00 4.176687528033273367e+00
1.661792641431243212e+01 1.661792641431243212e+01 4.182229317089258380e+00
1.871197520286844451e+01 1.871197520286844451e+01 4.174122919153920641e+00
1.455105807669247575e+01 1.247109554922323582e+01 6.250704450776765952e+00
1.247109554922323760e+01 1.455105807669247397e+01 6.250704450776765952e+00
1.039777106679234109e+01 -1.847510240429311654e-02 6.248035289096073086e+00
8.324426898830479260e+00 2.084665712801313298e+00 6.249600881722161994e+00
2.098577511269312801e+00 1.662322248873068276e+01 6.251798587122441297e+00
7.212122904171700682e-03 1.871458787709581628e+01 6.246601392975631661e+00
1.039737310116952251e+01 1.663713428719868404e+01 6.249600881722161994e+00
8.324028933207658909e+00 1.874027510240429351e+01 6.248035289096072198e+00
1.454511247196672663e+01 1.662910184996542640e+01 6.252421934608501708e+00
1.247156173101123677e+01 1.873781520123969457e+01 6.250238268988762336e+00
2.087318182684274159e+00 1.247089013694605164e+01 6.250909863053954574e+00
-1.083304543783272789e-02 1.454659271823155819e+01 6.250786667122961937e+00
6.249036591979693966e+00 1.247276340802030958e+01 6.249036591979693966e+00
4.174134222654609871e+00 1.454766577734539013e+01 6.252088030214301817e+00
1.039743786924184477e+01 4.168399153092690490e+00 6.249285413116864696e+00
8.324055129937466546e+00 6.247755025427647269e+00 6.247755025427647269e+00
1.871458787709581628e+01 7.212122904171403177e-03 6.246601392975628997e+00
1.662322248873068276e+01 2.098577511269313245e+00 6.251798587122440409e+00
1.454659271823155819e+01 -1.083304543783254574e-02 6.250786667122961049e+00
1.247089013694604986e+01 2.087318182684274603e+00 6.250909863053952797e+00
6.250704450776766841e+00 4.170741923307526910e+00 6.250704450776766841e+00
4.170741923307526022e+00 6.250704450776767729e+00 6.250704450776766841e+00
2.092698150034574045e+00 4.176687528033273367e+00 6.252421934608501708e+00
-1.601520123969972856e-02 6.250238268988765000e+00 6.250238268988764112e+00
1.873263304543781516e+01 4.175207281768439138e+00 6.250786667122959273e+00
1.663448181731571651e+01 6.250909863053955462e+00 6.250909863053954574e+00
-7.890911675821869623e-04 2.100486935412702483e+00 6.248623452589831651e+00
2.100486935412702927e+00 -7.890911675819353190e-04 6.248623452589831651e+00
1.454766577734539013e+01 4.174134222654609871e+00 6.252088030214300929e+00
1.247276340802030958e+01 6.249036591979693966e+00 6.249036591979693966e+00
1.039818725131805977e+01 8.323612748681940232e+00 6.246407665290633737e+00
8.323612748681940232e+00 1.039818725131806154e+01 6.246407665290632849e+00
1.874027510240429351e+01 8.324028933207658909e+00 6.248035289096072198e+00
1.663713428719868404e+01 1.039737310116952074e+01 6.249600881722161994e+00
6.250909863053955462e+00 1.663448181731571651e+01 6.250909863053954574e+00
4.175207281768438250e+00 1.873263304543781516e+01 6.250786667122960161e+00
6.250238268988764112e+00 -1.601520123969939549e-02 6.250238268988764112e+00
4.176687528033273367e+00 2.092698150034574489e+00 6.252421934608501708e+00
1.455340084690731217e+01 8.324362130758160561e+00 6.249285413116866472e+00
1.247404497457235095e+01 1.039774487006253523e+01 6.247755025427646380e+00
1.873781520123969457e+01 1.247156173101123500e+01 6.250238268988762336e+00
1.662910184996542640e+01 1.454511247196672485e+01 6.252421934608501708e+00
6.247755025427646380e+00 8.324055129937468323e+00 6.247755025427647269e+00
4.168399153092689602e+00 1.039743786924184477e+01 6.249285413116865584e+00
1.039774487006253523e+01 1.247404497457235095e+01 6.247755025427646380e+00
8.324362130758160561e+00 1.455340084690731217e+01 6.249285413116866472e+00
2.084665712801312409e+00 8.324426898830481036e+00 6.249600881722161994e+00
-1.847510240429369593e-02 1.039777106679234286e+01 6.248035289096073974e+00
1.872258909116758119e+01 1.662131306458729796e+01 6.248623452589830762e+00
1.662131306458729796e+01 1.872258909116758119e+01 6.248623452589830762e+00
8.323227759507972223e+00 8.323227759507974000e+00 8.323227759507972223e+00
1.039857224049202600e+01 1.039857224049202600e+01 8.323227759507972223e+00
4.171902254858149028e+00 4.171902254858149917e+00 8.324753473508891943e+00
6.247755025427646380e+00 6.247755025427647269e+00 8.324055129937466546e+00
-1.847510240429461881e-02 1.247376471090392336e+01 8.324028933207660685e+00
2.090028861545399241e+00 1.454766163045213823e+01 8.324670569470773884e+00
8.323675888564892489e+00 -2.105443047802342885e-02 8.323675888564890712e+00
1.039788613027033648e+01 2.082023241460809526e+00 8.323913869729663517e+00
1.662340353038475982e+01 -2.384233325840144722e-03 8.323155976147441848e+00
1.872418423332583615e+01 2.098396469615239290e+00 8.323155976147440072e+00
1.247251458688313797e+01 4.168399153092690490e+00 8.324362130758157008e+00
1.455340084690731217e+01 6.249285413116866472e+00 8.324362130758160561e+00
4.168399153092690490e+00 1.247251458688313797e+01 8.324362130758158784e+00
6.249285413116866472e+00 1.455340084690731217e+01 8.324362130758160561e+00
8.323612748681940232e+00 1.247539233470936537e+01 8.323612748681940232e+00
1.039778572047176297e+01 1.455569075278719993e+01 8.324014279528237026e+00
4.171890827291479198e+00 -1.315703816791153821e-02 8.323607711929088993e+00
6.249600881722161994e+00 2.084665712801313298e+00 8.324426898830479260e+00
1.663177113845459587e+01 4.174138369547859106e+00 8.324670569470772108e+00
1.874027510240429351e+01 6.248035289096073086e+00 8.324028933207658909e+00
-2.384233325839883212e-03 1.662340353038475982e+01 8.323155976147443624e+00
2.098396469615239290e+00 1.872418423332583615e+01 8.323155976147441848e+00
1.247539233470936537e+01 8.323612748681940232e+00 8.323612748681940232e+00
1.455569075278719993e+01 1.039778572047176297e+01 8.324014279528238802e+00
-1.315703816791190250e-02 4.171890827291479198e+00 8.323607711929088993e+00
2.084665712801312853e+00 6.249600881722162882e+00 8.324426898830479260e+00
8.324014279528238802e+00 4.166109247212800959e+00 8.324014279528237026e+00
1.039818725131805977e+01 6.246407665290633737e+00 8.323612748681938456e+00
1.663977675853919180e+01 8.323913869729665294e+00 8.323913869729665294e+00
1.874285443047802246e+01 1.039812411143510928e+01 8.323675888564892489e+00
8.323913869729665294e+00 1.663977675853919180e+01 8.323913869729665294e+00
1.039812411143510928e+01 1.874285443047802246e+01 8.323675888564890712e+00
4.166109247212800959e+00 8.324014279528238802e+00 8.324014279528238802e+00
6.246407665290632849e+00 1.039818725131806154e+01 8.323612748681940232e+00
1.247404497457235095e+01 1.247404497457234918e+01 8.324055129937466546e+00
1.454989774514185008e+01 1.454989774514185008e+01 8.324753473508890167e+00
4.174138369547859106e+00 1.663177113845459587e+01 8.324670569470773884e+00
6.248035289096072198e+00 1.874027510240429351e+01 8.324028933207658909e+00
1.663713428719868404e+01 1.247219911827783889e+01 8.324426898830479260e+00
1.873495703816791291e+01 1.454990917270851902e+01 8.323607711929087216e+00
-2.105443047802409845e-02 8.323675888564892489e+00 8.323675888564890712e+00
2.082023241460809082e+00 1.039788613027033648e+01 8.323913869729665294e+00
2.095926460809493186e+00 2.095926460809493186e+00 8.323872384695626181e+00
6.040700602764043081e-03 6.040700602763770730e-03 8.322453146132668067e+00
1.247376471090392158e+01 -1.847510240429436554e-02 8.324028933207658909e+00
1.454766163045213823e+01 2.090028861545398797e+00 8.324670569470772108e+00
1.247219911827783889e+01 1.663713428719868404e+01 8.324426898830479260e+00
1.454990917270851902e+01 1.873495703816790936e+01 8.323607711929087216e+00
1.662587353919050415e+01 1.662587353919050415e+01 8.323872384695622628e+00
1.871575929939723792e+01 1.871575929939723792e+01 8.322453146132668067e+00
1.871575929939724148e+01 6.040700602760403631e-03 1.039934685386733015e+01
1.662587353919050415e+01 2.095926460809490077e+00 1.039792761530437559e+01
-2.384233325836849614e-03 2.098396469615241955e+00 1.039864402385255993e+01
2.098396469615241955e+00 -2.384233325836682647e-03 1.039864402385255993e+01
1.039788613027033648e+01 1.663977675853919180e+01 1.039788613027033648e+01
8.323675888564892489e+00 1.874285443047802246e+01 1.039812411143510751e+01
1.455569075278719993e+01 8.324014279528238802e+00 1.039778572047176119e+01
1.247539233470936537e+01 1.039818725131806154e+01 1.039818725131805977e+01
6.247755025427646380e+00 1.247404497457235095e+01 1.039774487006253345e+01
4.171902254858148140e+00 1.454989774514185008e+01 1.039704652649111161e+01
2.084665712801313298e+00 1.247219911827783889e+01 1.039737310116952251e+01
-1.315703816791327467e-02 1.454990917270851725e+01 1.039819228807091278e+01
1.873495703816790936e+01 4.171890827291476533e+00 1.039819228807090923e+01
1.663713428719868404e+01 6.249600881722161994e+00 1.039737310116952074e+01
1.039857224049202600e+01 8.323227759507974000e+00 1.039857224049202422e+01
8.323227759507972223e+00 1.039857224049202600e+01 1.039857224049202600e+01
1.039812411143510928e+01 -2.105443047802417131e-02 1.039812411143510751e+01
8.323913869729665294e+00 2.082023241460809526e+00 1.039788613027033470e+01
2.082023241460809082e+00 8.323913869729665294e+00 1.039788613027033470e+01
-2.105443047802410539e-02 1.039812411143510928e+01 1.039812411143510751e+01
1.455340084690731217e+01 1.247251458688313797e+01 1.039743786924184299e+01
1.247251458688313619e+01 1.455340084690731217e+01 1.039743786924184299e+01
1.454990917270851725e+01 -1.315703816791368927e-02 1.039819228807091100e+01
1.247219911827783889e+01 2.084665712801313298e+00 1.039737310116952074e+01
1.874285443047802246e+01 8.323675888564892489e+00 1.039812411143510928e+01
1.663977675853919180e+01 1.039788613027033648e+01 1.039788613027033648e+01
6.246407665290632849e+00 8.323612748681940232e+00 1.039818725131805977e+01
4.166109247212800959e+00 1.039778572047176297e+01 1.039778572047176297e+01
2.095926460809490521e+00 1.662587353919050415e+01 1.039792761530437737e+01
6.040700602760278731e-03 1.871575929939723792e+01 1.039934685386733371e+01
6.249285413116865584e+00 4.168399153092689602e+00 1.039743786924184299e+01
4.168399153092689602e+00 6.249285413116865584e+00 1.039743786924184477e+01
1.039818725131805977e+01 1.247539233470936537e+01 1.039818725131805977e+01
8.324014279528238802e+00 1.455569075278719993e+01 1.039778572047176119e+01
1.454766163045214000e+01 1.663177113845459587e+01 1.039712943052922611e+01
1.247376471090392513e+01 1.874027510240429706e+01 1.039777106679234109e+01
1.874027510240429706e+01 1.247376471090392336e+01 1.039777106679234109e+01
1.663177113845459942e+01 1.454766163045213823e+01 1.039712943052922789e+01
6.249600881722161994e+00 1.663713428719868404e+01 1.039737310116952074e+01
4.171890827291476533e+00 1.873495703816790936e+01 1.039819228807091100e+01
1.454989774514185008e+01 4.171902254858148140e+00 1.039704652649111161e+01
1.247404497457235095e+01 6.247755025427647269e+00 1.039774487006253345e+01
1.039778572047176297e+01 4.166109247212800959e+00 1.039778572047176119e+01
8.323612748681938456e+00 6.246407665290633737e+00 1.039818725131805977e+01
6.248035289096074862e+00 -1.847510240429300551e-02 1.039777106679233931e+01
4.174138369547860883e+00 2.090028861545401462e+00 1.039712943052922967e+01
2.090028861545401018e+00 4.174138369547860883e+00 1.039712943052922967e+01
-1.847510240429305756e-02 6.248035289096074862e+00 1.039777106679234109e+01
1.872418423332583970e+01 1.662340353038475982e+01 1.039864402385255637e+01
1.662340353038475982e+01 1.872418423332583970e+01 1.039864402385255637e+01
1.247156173101123855e+01 -1.601520123970192472e-02 1.247156173101123677e+01
1.454511247196672485e+01 2.092698150034572269e+00 1.246937806539149918e+01
8.324362130758158784e+00 4.168399153092689602e+00 1.247251458688313797e+01
1.039774487006253345e+01 6.247755025427647269e+00 1.247404497457234918e+01
8.324055129937466546e+00 1.247404497457234918e+01 1.247404497457234918e+01
1.039743786924184299e+01 1.455340084690731217e+01 1.247251458688313619e+01
1.662910184996542640e+01 4.176687528033270702e+00 1.246937806539149918e+01
1.873781520123969457e+01 6.250238268988761448e+00 1.247156173101123500e+01
1.247276340802030603e+01 1.247276340802030781e+01 1.247276340802030603e+01
1.454766577734539190e+01 1.454766577734539190e+01 1.246971196978569907e+01
4.170741923307526910e+00 1.247109554922323760e+01 1.247109554922323937e+01
6.250704450776766841e+00 1.455105807669247397e+01 1.247109554922323582e+01
4.175207281768440915e+00 -1.083304543782962620e-02 1.247101333287703540e+01
6.250909863053954574e+00 2.087318182684275492e+00 1.247089013694604986e+01
4.168399153092690490e+00 8.324362130758158784e+00 1.247251458688313797e+01
6.247755025427647269e+00 1.039774487006253345e+01 1.247404497457235095e+01
4.174134222654608983e+00 4.174134222654609871e+00 1.246971196978570084e+01
6.249036591979693966e+00 6.249036591979693966e+00 1.247276340802030781e+01
1.247109554922323760e+01 4.170741923307526910e+00 1.247109554922323760e+01
1.455105807669247575e+01 6.250704450776765952e+00 1.247109554922323582e+01
1.663713428719868404e+01 8.324426898830479260e+00 1.247219911827783712e+01
1.874027510240429706e+01 1.039777106679234286e+01 1.247376471090392336e+01
8.324028933207660685e+00 -1.847510240429384859e-02 1.247376471090392158e+01
1.039737310116952251e+01 2.084665712801312853e+00 1.247219911827783712e+01
1.247089013694605164e+01 1.663448181731572006e+01 1.247089013694604986e+01
1.454659271823155997e+01 1.873263304543782226e+01 1.247101333287703895e+01
-1.601520123970138348e-02 1.247156173101123677e+01 1.247156173101123855e+01
2.092698150034572713e+00 1.454511247196672485e+01 1.246937806539150095e+01
8.324426898830479260e+00 1.663713428719868404e+01 1.247219911827783712e+01
1.039777106679234286e+01 1.874027510240429706e+01 1.247376471090392336e+01
8.323612748681940232e+00 8.323612748681940232e+00 1.247539233470936360e+01
1.039818725131806154e+01 1.039818725131806154e+01 1.247539233470936360e+01
2.098577511269315021e+00 2.098577511269315465e+00 1.247000141287756136e+01
7.212122904173474437e-03 7.212122904173091931e-03 1.247519860702436567e+01
1.663448181731572006e+01 1.247089013694605164e+01 1.247089013694604986e+01
1.873263304543782226e+01 1.454659271823155997e+01 1.247101333287703717e+01
-1.083304543782999223e-02 4.175207281768440915e+00 1.247101333287703717e+01
2.087318182684274603e+00 6.250909863053954574e+00 1.247089013694604986e+01
1.247404497457234918e+01 8.324055129937466546e+00 1.247404497457234918e+01
1.455340084690731217e+01 1.039743786924184299e+01 1.247251458688313619e+01
1.662131306458729796e+01 -7.890911675863334935e-04 1.247317654741016568e+01
1.872258909116758119e+01 2.100486935412698042e+00 1.247317654741016568e+01
4.176687528033271590e+00 1.662910184996542640e+01 1.246937806539149918e+01
6.250238268988763224e+00 1.873781520123969457e+01 1.247156173101123500e+01
-7.890911675858773696e-04 1.662131306458729796e+01 1.247317654741016746e+01
2.100486935412698930e+00 1.872258909116758119e+01 1.247317654741016746e+01
-1.847510240429407410e-02 8.324028933207660685e+00 1.247376471090392158e+01
2.084665712801313298e+00 1.039737310116952251e+01 1.247219911827783889e+01
1.662322248873068631e+01 1.662322248873068631e+01 1.247000141287755781e+01
1.871458787709581983e+01 1.871458787709581983e+01 1.247519860702436212e+01
1.872800216933254802e+01 4.179885882905685079e+00 1.454191411709431492e+01
1.662910184996542640e+01 6.252421934608501708e+00 1.454511247196672485e+01
1.454407421866467764e+01 4.177725781335327682e+00 1.454407421866467764e+01
1.247109554922323582e+01 6.250704450776765952e+00 1.455105807669247397e+01
1.039712943052922967e+01 1.663177113845459942e+01 1.454766163045213823e+01
8.323607711929088993e+00 1.873495703816790936e+01 1.454990917270851725e+01
6.250704450776766841e+00 1.247109554922323582e+01 1.455105807669247575e+01
4.177725781335328570e+00 1.454407421866467764e+01 1.454407421866467764e+01
6.249285413116867360e+00 8.324362130758160561e+00 1.455340084690731217e+01
4.171902254858149028e+00 1.039704652649111161e+01 1.454989774514185008e+01
2.097890188398957356e+00 4.179697629721236929e+00 1.454210237027876573e+01
-1.083304543783225951e-02 6.250786667122961049e+00 1.454659271823155819e+01
1.454210237027876929e+01 1.662390981160103465e+01 1.454210237027876751e+01
1.247101333287704072e+01 1.873263304543782226e+01 1.454659271823155819e+01
1.039704652649111161e+01 4.171902254858148140e+00 1.454989774514184830e+01
8.324362130758160561e+00 6.249285413116866472e+00 1.455340084690731217e+01
1.873495703816790936e+01 8.323607711929087216e+00 1.454990917270851725e+01
1.663177113845459587e+01 1.039712943052922789e+01 1.454766163045213645e+01
2.103873585687568770e+00 1.661792641431243212e+01 1.453957068291073718e+01
9.824797131551621723e-03 1.871197520286844806e+01 1.454767708084607847e+01
2.092698150034572713e+00 1.246937806539150095e+01 1.454511247196672663e+01
-6.202169332552784353e-03 1.454191411709431669e+01 1.454191411709431669e+01
1.454989774514184830e+01 8.324753473508890167e+00 1.454989774514184830e+01
1.247251458688313619e+01 1.039743786924184299e+01 1.455340084690731217e+01
1.039743786924184299e+01 1.247251458688313619e+01 1.455340084690731217e+01
8.324753473508891943e+00 1.454989774514185008e+01 1.454989774514184830e+01
1.454191411709431847e+01 -6.202169332553467834e-03 1.454191411709431669e+01
1.246937806539150095e+01 2.092698150034572713e+00 1.454511247196672485e+01
3.745445722828635079e-03 2.106865670519183720e+00 1.454199603365950111e+01
2.106865670519184608e+00 3.745445722828556583e-03 1.454199603365949933e+01
1.871197520286844806e+01 9.824797131550997223e-03 1.454767708084607669e+01
1.661792641431243212e+01 2.103873585687567882e+00 1.453957068291073718e+01
1.873263304543782226e+01 1.247101333287703895e+01 1.454659271823155819e+01
1.662390981160103820e+01 1.454210237027876751e+01 1.454210237027876751e+01
1.039819228807091278e+01 -1.315703816791296069e-02 1.454990917270851547e+01
8.324670569470773884e+00 2.090028861545399241e+00 1.454766163045213823e+01
6.250786667122961937e+00 -1.083304543783175818e-02 1.454659271823155642e+01
4.179697629721236929e+00 2.097890188398957800e+00 1.454210237027876396e+01
2.090028861545399241e+00 8.324670569470773884e+00 1.454766163045213823e+01
-1.315703816791303181e-02 1.039819228807091100e+01 1.454990917270851902e+01
6.252421934608502596e+00 1.662910184996542640e+01 1.454511247196672485e+01
4.179885882905685968e+00 1.872800216933254802e+01 1.454191411709431492e+01
1.454766577734539013e+01 1.246971196978570084e+01 1.454766577734539013e+01
1.246971196978570084e+01 1.454766577734539190e+01 1.454766577734539013e+01
1.039778572047176119e+01 8.324014279528238802e+00 1.455569075278719993e+01
8.324014279528238802e+00 1.039778572047176119e+01 1.455569075278719993e+01
6.252088030214301817e+00 4.174134222654609871e+00 1.454766577734538835e+01
4.174134222654609871e+00 6.252088030214302705e+00 1.454766577734538835e+01
1.871805455427716325e+01 1.661493432948081761e+01 1.454199603365950288e+01
1.661493432948082116e+01 1.871805455427715970e+01 1.454199603365950288e+01
4.176687528033271590e+00 1.246937806539149918e+01 1.662910184996542640e+01
6.252421934608502596e+00 1.454511247196672663e+01 1.662910184996542640e+01
1.247000141287756136e+01 1.662322248873068631e+01 1.662322248873068631e+01
1.454199603365950644e+01 1.871805455427715970e+01 1.661493432948081761e+01
1.247317654741016746e+01 -7.890911675859554322e-04 1.662131306458729796e+01
1.453957068291073895e+01 2.103873585687568326e+00 1.661792641431243212e+01
1.247219911827783889e+01 8.324426898830477484e+00 1.663713428719868404e+01
1.454766163045213823e+01 1.039712943052922789e+01 1.663177113845459587e+01
2.108533851763617850e+00 2.108533851763617406e+00 1.661326614823637726e+01
2.011754344573910697e-02 2.011754344573835063e-02 1.660722192918903062e+01
3.745445722826902090e-03 4.179803966340495336e+00 1.661493432948081761e+01
2.098577511269313689e+00 6.251798587122441297e+00 1.662322248873068276e+01
1.662587353919050415e+01 8.323872384695624405e+00 1.662587353919050415e+01
1.872418423332583970e+01 1.039864402385255637e+01 1.662340353038475627e+01
8.323913869729665294e+00 8.323913869729665294e+00 1.663977675853919180e+01
1.039788613027033648e+01 1.039788613027033648e+01 1.663977675853919180e+01
4.179803966340496224e+00 3.745445722826752036e-03 1.661493432948081406e+01
6.251798587122441297e+00 2.098577511269313245e+00 1.662322248873068276e+01
-7.890911675853121750e-04 1.247317654741016746e+01 1.662131306458730151e+01
2.103873585687569214e+00 1.453957068291073895e+01 1.661792641431243212e+01
1.392751851690903452e-02 1.660735765137126663e+01 1.660735765137126663e+01
2.114442348628734258e+00 1.870787248148309345e+01 1.660735765137126307e+01
1.660735765137127018e+01 1.392751851690863032e-02 1.660735765137126663e+01
1.870787248148309345e+01 2.114442348628734258e+00 1.660735765137126307e+01
8.323872384695624405e+00 1.662587353919050415e+01 1.662587353919050415e+01
1.039864402385255815e+01 1.872418423332583970e+01 1.662340353038475627e+01
8.324670569470773884e+00 4.174138369547859106e+00 1.663177113845459587e+01
1.039737310116952074e+01 6.249600881722161994e+00 1.663713428719868404e+01
1.247089013694605164e+01 1.247089013694605164e+01 1.663448181731572006e+01
1.454210237027876929e+01 1.454210237027876751e+01 1.662390981160103465e+01
1.662322248873068631e+01 1.247000141287755781e+01 1.662322248873068276e+01
1.871805455427716325e+01 1.454199603365950111e+01 1.661493432948081761e+01
1.246937806539149918e+01 4.176687528033271590e+00 1.662910184996542640e+01
1.454511247196672663e+01 6.252421934608501708e+00 1.662910184996542640e+01
4.179697629721237817e+00 4.179697629721236929e+00 1.662390981160102754e+01
6.250909863053955462e+00 6.250909863053955462e+00 1.663448181731571651e+01
-2.384233325839268686e-03 8.323155976147441848e+00 1.662340353038475982e+01
2.095926460809490521e+00 1.039792761530437737e+01 1.662587353919050415e+01
8.323155976147443624e+00 -2.384233325840094415e-03 1.662340353038475627e+01
1.039792761530437737e+01 2.095926460809490521e+00 1.662587353919050415e+01
4.174138369547859106e+00 8.324670569470773884e+00 1.663177113845459587e+01
6.249600881722162882e+00 1.039737310116952074e+01 1.663713428719868404e+01
1.661792641431243567e+01 4.182229317089259268e+00 1.661792641431243212e+01
1.872258909116758119e+01 6.248623452589832539e+00 1.662131306458729796e+01
8.324426898830479260e+00 1.247219911827783889e+01 1.663713428719868404e+01
1.039712943052922967e+01 1.454766163045213823e+01 1.663177113845459587e+01
4.182229317089260157e+00 1.661792641431243567e+01 1.661792641431243212e+01
6.248623452589833427e+00 1.872258909116758119e+01 1.662131306458729796e+01
1.661326614823638792e+01 1.661326614823638437e+01 1.661326614823638437e+01
1.870168245655426631e+01 1.870168245655425920e+01 1.660722192918904128e+01
1.039864402385255815e+01 1.662340353038475627e+01 1.872418423332583970e+01
8.322453146132669843e+00 1.871575929939723792e+01 1.871575929939723792e+01
6.248623452589833427e+00 1.662131306458729796e+01 1.872258909116758119e+01
4.174122919153923306e+00 1.871197520286844806e+01 1.871197520286844451e+01
2.114442348628734702e+00 1.660735765137126663e+01 1.870787248148308990e+01
3.465910763839429032e-02 1.868714089236160802e+01 1.868714089236160447e+01
2.114578070810964050e+00 2.011754344573910003e-02 1.870168245655425565e+01
2.011754344573937064e-02 2.114578070810962718e+00 1.870168245655425565e+01
1.871575929939723792e+01 8.322453146132669843e+00 1.871575929939723792e+01
1.662340353038475627e+01 1.039864402385255815e+01 1.872418423332583970e+01
1.454191411709431669e+01 4.179885882905684191e+00 1.872800216933254447e+01
1.247156173101123677e+01 6.250238268988761448e+00 1.873781520123969457e+01
2.098396469615240623e+00 8.323155976147440072e+00 1.872418423332583615e+01
6.040700602762297082e-03 1.039934685386733015e+01 1.871575929939724148e+01
1.868714089236161158e+01 3.465910763839626790e-02 1.868714089236160447e+01
1.660735765137126663e+01 2.114442348628733814e+00 1.870787248148308990e+01
1.454659271823155997e+01 1.247101333287703895e+01 1.873263304543781871e+01
1.247101333287704072e+01 1.454659271823155997e+01 1.873263304543782226e+01
1.039777106679234286e+01 1.247376471090392336e+01 1.874027510240429706e+01
8.323607711929088993e+00 1.454990917270851725e+01 1.873495703816790936e+01
6.250786667122960161e+00 4.175207281768439138e+00 1.873263304543781516e+01
4.175207281768439138e+00 6.250786667122959273e+00 1.873263304543781516e+01
2.100486935412699818e+00 1.247317654741016746e+01 1.872258909116758119e+01
9.824797131552862051e-03 1.454767708084608024e+01 1.871197520286844806e+01
2.106865670519184164e+00 4.179803966340495336e+00 1.871805455427715259e+01
7.212122904172458757e-03 6.246601392975629885e+00 1.871458787709581628e+01
1.039812411143510928e+01 8.323675888564890712e+00 1.874285443047802246e+01
8.323675888564892489e+00 1.039812411143510928e+01 1.874285443047802246e+01
1.871458787709581983e+01 1.247519860702436034e+01 1.871458787709581628e+01
1.661493432948081761e+01 1.454199603365950111e+01 1.871805455427715970e+01
1.454767708084608024e+01 9.824797131550889670e-03 1.871197520286844451e+01
1.247317654741016923e+01 2.100486935412698486e+00 1.872258909116758119e+01
6.248035289096073086e+00 8.324028933207658909e+00 1.874027510240429351e+01
4.171890827291477422e+00 1.039819228807091100e+01 1.873495703816790936e+01
6.246601392975630773e+00 7.212122904171797827e-03 1.871458787709581628e+01
4.179803966340497112e+00 2.106865670519183720e+00 1.871805455427715259e+01
1.871197520286844806e+01 4.174122919153922417e+00 1.871197520286844451e+01
1.662131306458729796e+01 6.248623452589831651e+00 1.872258909116758119e+01
1.454990917270851902e+01 8.323607711929087216e+00 1.873495703816790936e+01
1.247376471090392336e+01 1.039777106679234109e+01 1.874027510240429351e+01
1.454199603365950466e+01 1.661493432948081761e+01 1.871805455427715970e+01
1.247519860702436389e+01 1.871458787709581628e+01 1.871458787709581983e+01
1.039819228807091100e+01 4.171890827291476533e+00 1.873495703816790936e+01
8.324028933207658909e+00 6.248035289096072198e+00 1.874027510240429351e+01
6.250238268988762336e+00 1.247156173101123500e+01 1.873781520123969457e+01
4.179885882905685968e+00 1.454191411709431669e+01 1.872800216933254447e+01
1.039934685386733193e+01 6.040700602760577104e-03 1.871575929939723792e+01
8.323155976147441848e+00 2.098396469615239290e+00 1.872418423332583615e+01
1.870168245655426276e+01 1.660722192918903417e+01 1.870168245655426276e+01
1.660722192918904128e+01 1.870168245655425920e+01 1.870168245655426276e+01
