2.114442484750452156e+00 2.114442484750452156e+00 1.392765298693975431e-02
3.465926117776342574e-02 3.465926117776351595e-02 3.465926117776368248e-02
9.824924821070465594e-03 4.174123036006988308e+00 9.824924821070517636e-03
2.100487049857771460e+00 6.248623533158582433e+00 -7.889896231486526103e-04
6.040791620796813477e-03 8.322453172255562137e+00 6.040791620796476073e-03
2.098396569005402057e+00 1.039864399965612840e+01 -2.384149521847189930e-03
7.212217129307666938e-03 1.247519853436844706e+01 7.212217129307864696e-03
2.106865775181292477e+00 1.454199593633218335e+01 3.745544626475980424e-03
2.011766316252080675e-02 1.660722181256486962e+01 2.011766316252118145e-02
2.114578187435111722e+00 1.870168233683747516e+01 2.011766316252316597e-02
4.174123036006988308e+00 9.824924821070297326e-03 9.824924821070423961e-03
6.248623533158582433e+00 2.100487049857771460e+00 -7.889896231485628384e-04
4.179885990506649662e+00 4.179885990506649662e+00 -6.202068943203025916e-03
6.250238337950219325e+00 6.250238337950218437e+00 -1.601513834514363757e-02
4.171890923577326049e+00 8.323607741861346554e+00 -1.315696824667581498e-02
6.248035350617962891e+00 1.039777104877195946e+01 -1.847505460108453054e-02
4.175207369212084352e+00 1.247101327138676830e+01 -1.083297506729380931e-02
6.250786728613231702e+00 1.454659263078791120e+01 -1.083297506729488831e-02
4.179804063667818426e+00 1.661493422481872173e+01 3.745544626477669177e-03
6.246601465631557382e+00 1.871458778287071922e+01 7.212217129318604369e-03
8.322453172255562137e+00 6.040791620795978208e-03 6.040791620797122258e-03
1.039864399965612840e+01 2.098396569005401169e+00 -2.384149521847659173e-03
8.323607741861346554e+00 4.171890923577325161e+00 -1.315696824667610641e-02
1.039777104877195946e+01 6.248035350617962891e+00 -1.847505460108510994e-02
8.323675912327251680e+00 8.323675912327251680e+00 -2.105439123584111963e-02
1.039812408767274654e+01 1.039812408767274654e+01 -2.105439123584060615e-02
8.324028951228040540e+00 1.247376464938203533e+01 -1.847505460108587669e-02
1.039819225813865344e+01 1.454990907642267395e+01 -1.315696824667583580e-02
8.323156000343864491e+00 1.662340343099458906e+01 -2.384149521846489102e-03
1.039934682774443253e+01 1.871575920837920748e+01 6.040791620803448794e-03
1.247519853436844883e+01 7.212217129308359960e-03 7.212217129306032828e-03
1.454199593633218335e+01 2.106865775181292921e+00 3.745544626475146889e-03
1.247101327138676830e+01 4.175207369212083464e+00 -1.083297506729440605e-02
1.454659263078791120e+01 6.250786728613230814e+00 -1.083297506729494555e-02
1.247376464938203533e+01 8.324028951228040540e+00 -1.847505460108616812e-02
1.454990907642267572e+01 1.039819225813865167e+01 -1.315696824667590172e-02
1.247156166204977268e+01 1.247156166204977090e+01 -1.601513834514292287e-02
1.454191400949335389e+01 1.454191400949335389e+01 -6.202068943199203453e-03
1.247317646684141934e+01 1.662131295014222232e+01 -7.889896231449511441e-04
1.454767696399302679e+01 1.871197507517889846e+01 9.824924821070783049e-03
1.660722181256486962e+01 2.011766316252071307e-02 2.011766316252038000e-02
1.870168233683747516e+01 2.114578187435111278e+00 2.011766316252318679e-02
1.661493422481872173e+01 4.179804063667818426e+00 3.745544626477599788e-03
1.871458778287071922e+01 6.246601465631555605e+00 7.212217129318358039e-03
1.662340343099458906e+01 8.323156000343862715e+00 -2.384149521846707243e-03
1.871575920837920393e+01 1.039934682774443253e+01 6.040791620802614392e-03
1.662131295014222232e+01 1.247317646684142112e+01 -7.889896231450890546e-04
1.871197507517889846e+01 1.454767696399302856e+01 9.824924821069048325e-03
1.660735751524954651e+01 1.660735751524954651e+01 1.392765298694993888e-02
1.868714073882223303e+01 1.868714073882223303e+01 3.465926117779020293e-02
1.039788610931990220e+01 8.323913890680094241e+00 2.082023307114751809e+00
8.323913890680094241e+00 1.039788610931990220e+01 2.082023307114751809e+00
6.252422010927038087e+00 4.176687627956228610e+00 2.092698247029447511e+00
4.176687627956228610e+00 6.252422010927038087e+00 2.092698247029447511e+00
1.039737307241568232e+01 1.247219905194057787e+01 2.084665787656547753e+00
8.324670586656077731e+00 1.454766154211335127e+01 2.090028944500801344e+00
2.098577605872391505e+00 1.247000134812834915e+01 2.098577605872391505e+00
3.745544626475920576e-03 1.454199593633218335e+01 2.106865775181292477e+00
1.039792758273425122e+01 1.662587344035501502e+01 2.095926559644976539e+00
8.323156000343868044e+00 1.872418414952183952e+01 2.098396569005406498e+00
6.249600948059416794e+00 8.324426927584314129e+00 2.084665787656547753e+00
4.174138457886646059e+00 1.039712941334392049e+01 2.090028944500801344e+00
1.454199593633218157e+01 3.745544626475819962e-03 2.106865775181291589e+00
1.247000134812834915e+01 2.098577605872391505e+00 2.098577605872391061e+00
1.392765298693937788e-02 2.114442484750452156e+00 2.114442484750452600e+00
2.114442484750452156e+00 1.392765298693940217e-02 2.114442484750452600e+00
1.454210228044713027e+01 4.179697719552861734e+00 2.097890280414185238e+00
1.247089007771911007e+01 6.250909922280892594e+00 2.087318257835416357e+00
6.250909922280892594e+00 1.247089007771911184e+01 2.087318257835416802e+00
4.179697719552860846e+00 1.454210228044713205e+01 2.097890280414185682e+00
1.454766154211335127e+01 8.324670586656077731e+00 2.090028944500800900e+00
1.247219905194057787e+01 1.039737307241568232e+01 2.084665787656547309e+00
2.108533962266304851e+00 1.661326603773368404e+01 2.108533962266304851e+00
2.011766316252281903e-02 1.870168233683747516e+01 2.114578187435112167e+00
1.454511237204376961e+01 1.246937798907296191e+01 2.092698247029448400e+00
1.246937798907296369e+01 1.454511237204376961e+01 2.092698247029448400e+00
6.251798651871641077e+00 1.662322239412760183e+01 2.098577605872392393e+00
4.179804063667810432e+00 1.871805445537351886e+01 2.106865775181290257e+00
1.453957056798918934e+01 1.661792629288117951e+01 2.103873707118825820e+00
1.247317646684142467e+01 1.872258898962314433e+01 2.100487049857772792e+00
2.095926559644977871e+00 8.323872417265745227e+00 2.095926559644977871e+00
-2.384149521847373811e-03 1.039864399965612840e+01 2.098396569005402057e+00
1.870168233683747161e+01 2.011766316252193432e-02 2.114578187435112167e+00
1.661326603773368049e+01 2.108533962266304851e+00 2.108533962266304407e+00
1.039864399965613018e+01 -2.384149521847617106e-03 2.098396569005401613e+00
8.323872417265745227e+00 2.095926559644976983e+00 2.095926559644977871e+00
1.871805445537351886e+01 4.179804063667808656e+00 2.106865775181290701e+00
1.662322239412760183e+01 6.251798651871641077e+00 2.098577605872392393e+00
6.248623533158581544e+00 -7.889896231489923993e-04 2.100487049857771460e+00
4.182229432010815984e+00 2.103873707118818270e+00 2.103873707118818270e+00
1.872418414952183952e+01 8.323156000343868044e+00 2.098396569005406498e+00
1.662587344035501502e+01 1.039792758273425122e+01 2.095926559644976539e+00
1.039712941334392049e+01 4.174138457886645170e+00 2.090028944500800456e+00
8.324426927584315905e+00 6.249600948059415906e+00 2.084665787656547309e+00
1.872258898962314433e+01 1.247317646684142645e+01 2.100487049857771460e+00
1.661792629288117595e+01 1.453957056798918934e+01 2.103873707118825820e+00
2.103873707118818270e+00 4.182229432010815984e+00 2.103873707118818270e+00
-7.889896231485720541e-04 6.248623533158582433e+00 2.100487049857771460e+00
1.870787234701306900e+01 1.660735751524953940e+01 2.114442484750459705e+00
1.660735751524953940e+01 1.870787234701307256e+01 2.114442484750460149e+00
1.246971191272853474e+01 4.174134302969963350e+00 4.174134302969963350e+00
1.454766569703003221e+01 6.252088087271451933e+00 4.174134302969963350e+00
4.171902339876971233e+00 8.324753503926064724e+00 4.171902339876970345e+00
6.249285470856221103e+00 1.039743785238982277e+01 4.168399227520036554e+00
8.324753503926066500e+00 4.171902339876970345e+00 4.171902339876970345e+00
1.039743785238982277e+01 6.249285470856220215e+00 4.168399227520036554e+00
1.247251452914376912e+01 8.324362147610171903e+00 4.168399227520035666e+00
1.454989766012301722e+01 1.039704649607392994e+01 4.171902339876970345e+00
-1.083297506729384227e-02 1.247101327138676830e+01 4.175207369212084352e+00
2.097890280414185682e+00 1.454210228044713205e+01 4.179697719552860846e+00
4.179885990506649662e+00 -6.202068943203228012e-03 4.179885990506649662e+00
6.252422010927038087e+00 2.092698247029447955e+00 4.176687627956228610e+00
1.247109548244333688e+01 1.247109548244333688e+01 4.170742006998460205e+00
1.454407411803532746e+01 1.454407411803532746e+01 4.177725881964675203e+00
8.324014303106714863e+00 8.324014303106713086e+00 4.166109319877152828e+00
1.039778569689328336e+01 1.039778569689328336e+01 4.166109319877151052e+00
4.174134302969963350e+00 1.246971191272853474e+01 4.174134302969964239e+00
6.252088087271452821e+00 1.454766569703003221e+01 4.174134302969964239e+00
1.246937798907296191e+01 1.662910175297055204e+01 4.176687627956230386e+00
1.454191400949335033e+01 1.872800206894319430e+01 4.179885990506659432e+00
-1.315696824667607519e-02 8.323607741861346554e+00 4.171890923577325161e+00
2.090028944500801344e+00 1.039712941334392049e+01 4.174138457886646059e+00
8.324362147610171903e+00 1.247251452914376912e+01 4.168399227520036554e+00
1.039704649607393172e+01 1.454989766012301899e+01 4.171902339876970345e+00
1.661493422481871818e+01 3.745544626477044243e-03 4.179804063667818426e+00
1.871805445537351531e+01 2.106865775181288480e+00 4.179804063667810432e+00
2.103873707118818270e+00 2.103873707118818714e+00 4.182229432010815984e+00
9.824924821070340694e-03 9.824924821070160283e-03 4.174123036006988308e+00
4.179697719552860846e+00 1.662390971958580721e+01 4.179697719552860846e+00
6.250786728613229037e+00 1.873263297506728620e+01 4.175207369212084352e+00
1.662390971958580721e+01 4.179697719552859958e+00 4.179697719552860846e+00
1.873263297506728620e+01 6.250786728613229037e+00 4.175207369212084352e+00
8.324670586656074178e+00 1.663177105549919332e+01 4.174138457886644282e+00
1.039819225813864989e+01 1.873495696824666013e+01 4.171890923577326049e+00
4.177725881964672539e+00 4.177725881964672539e+00 4.177725881964671650e+00
6.250704517556662232e+00 6.250704517556661344e+00 4.170742006998460205e+00
1.663177105549919332e+01 8.324670586656074178e+00 4.174138457886644282e+00
1.873495696824666013e+01 1.039819225813864989e+01 4.171890923577324273e+00
3.745544626477719484e-03 1.661493422481872173e+01 4.179804063667818426e+00
2.106865775181290257e+00 1.871805445537351886e+01 4.179804063667810432e+00
1.247101327138676830e+01 -1.083297506729381278e-02 4.175207369212084352e+00
1.454210228044713027e+01 2.097890280414185682e+00 4.179697719552861734e+00
1.662910175297055204e+01 1.246937798907296013e+01 4.176687627956229498e+00
1.872800206894319075e+01 1.454191400949335033e+01 4.179885990506658544e+00
8.323607741861346554e+00 -1.315696824667636836e-02 4.171890923577325161e+00
1.039712941334392049e+01 2.090028944500800456e+00 4.174138457886646059e+00
-6.202068943203052805e-03 4.179885990506650550e+00 4.179885990506649662e+00
2.092698247029447955e+00 6.252422010927038087e+00 4.176687627956228610e+00
1.661792629288117595e+01 1.661792629288117951e+01 4.182229432010820425e+00
1.871197507517890202e+01 1.871197507517890202e+01 4.174123036006995413e+00
1.455105799300153357e+01 1.247109548244333510e+01 6.250704517556662232e+00
1.247109548244333510e+01 1.455105799300153357e+01 6.250704517556663120e+00
1.039777104877195946e+01 -1.847505460108497810e-02 6.248035350617963779e+00
8.324426927584315905e+00 2.084665787656547309e+00 6.249600948059415906e+00
2.098577605872391949e+00 1.662322239412760183e+01 6.251798651871641965e+00
7.212217129318140331e-03 1.871458778287071922e+01 6.246601465631557382e+00
1.039737307241567876e+01 1.663713421234345091e+01 6.249600948059415906e+00
8.324028951228035211e+00 1.874027505460106724e+01 6.248035350617962891e+00
1.454511237204376606e+01 1.662910175297055204e+01 6.252422010927043416e+00
1.247156166204976557e+01 1.873781513834513746e+01 6.250238337950221101e+00
2.087318257835416802e+00 1.247089007771911184e+01 6.250909922280892594e+00
-1.083297506729514331e-02 1.454659263078791120e+01 6.250786728613231702e+00
6.249036645633605502e+00 1.247276335436638561e+01 6.249036645633604614e+00
4.174134302969964239e+00 1.454766569703003221e+01 6.252088087271452821e+00
1.039743785238982277e+01 4.168399227520036554e+00 6.249285470856221103e+00
8.324055154542152835e+00 6.247755082436477814e+00 6.247755082436478702e+00
1.871458778287071567e+01 7.212217129315971059e-03 6.246601465631556493e+00
1.662322239412760183e+01 2.098577605872391505e+00 6.251798651871641965e+00
1.454659263078790943e+01 -1.083297506729494555e-02 6.250786728613232590e+00
1.247089007771911007e+01 2.087318257835416802e+00 6.250909922280892594e+00
6.250704517556662232e+00 4.170742006998460205e+00 6.250704517556662232e+00
4.170742006998461093e+00 6.250704517556662232e+00 6.250704517556661344e+00
2.092698247029447955e+00 4.176687627956229498e+00 6.252422010927038087e+00
-1.601513834514353002e-02 6.250238337950219325e+00 6.250238337950219325e+00
1.873263297506728620e+01 4.175207369212082575e+00 6.250786728613229926e+00
1.663448174216457787e+01 6.250909922280889042e+00 6.250909922280889930e+00
-7.889896231484589718e-04 2.100487049857771460e+00 6.248623533158581544e+00
2.100487049857771904e+00 -7.889896231488328047e-04 6.248623533158581544e+00
1.454766569703003043e+01 4.174134302969963350e+00 6.252088087271452821e+00
1.247276335436638561e+01 6.249036645633604614e+00 6.249036645633604614e+00
1.039818723241621257e+01 8.323612767583782102e+00 6.246407718461733261e+00
8.323612767583783878e+00 1.039818723241621257e+01 6.246407718461732372e+00
1.874027505460106724e+01 8.324028951228035211e+00 6.248035350617962003e+00
1.663713421234345091e+01 1.039737307241567876e+01 6.249600948059415906e+00
6.250909922280889930e+00 1.663448174216457787e+01 6.250909922280889930e+00
4.175207369212083464e+00 1.873263297506728620e+01 6.250786728613230814e+00
6.250238337950219325e+00 -1.601513834514376941e-02 6.250238337950218437e+00
4.176687627956228610e+00 2.092698247029447955e+00 6.252422010927038087e+00
1.455340077247995545e+01 8.324362147610170126e+00 6.249285470856217550e+00
1.247404491756351241e+01 1.039774484545784361e+01 6.247755082436475149e+00
1.873781513834513746e+01 1.247156166204976557e+01 6.250238337950219325e+00
1.662910175297054849e+01 1.454511237204376783e+01 6.252422010927042528e+00
6.247755082436478702e+00 8.324055154542152835e+00 6.247755082436477814e+00
4.168399227520036554e+00 1.039743785238982277e+01 6.249285470856220215e+00
1.039774484545784539e+01 1.247404491756351241e+01 6.247755082436476037e+00
8.324362147610171903e+00 1.455340077247995545e+01 6.249285470856217550e+00
2.084665787656548197e+00 8.324426927584315905e+00 6.249600948059415906e+00
-1.847505460108466585e-02 1.039777104877195946e+01 6.248035350617962891e+00
1.872258898962314078e+01 1.662131295014221521e+01 6.248623533158596643e+00
1.662131295014221521e+01 1.872258898962314078e+01 6.248623533158597532e+00
8.323227779582040853e+00 8.323227779582040853e+00 8.323227779582040853e+00
1.039857222041795559e+01 1.039857222041795559e+01 8.323227779582039076e+00
4.171902339876971233e+00 4.171902339876971233e+00 8.324753503926064724e+00
6.247755082436477814e+00 6.247755082436478702e+00 8.324055154542152835e+00
-1.847505460108582465e-02 1.247376464938203711e+01 8.324028951228040540e+00
2.090028944500801344e+00 1.454766154211335127e+01 8.324670586656077731e+00
8.323675912327251680e+00 -2.105439123584095656e-02 8.323675912327251680e+00
1.039788610931990220e+01 2.082023307114751809e+00 8.323913890680094241e+00
1.662340343099458906e+01 -2.384149521847572437e-03 8.323156000343864491e+00
1.872418414952183952e+01 2.098396569005404277e+00 8.323156000343868044e+00
1.247251452914376912e+01 4.168399227520036554e+00 8.324362147610171903e+00
1.455340077247995545e+01 6.249285470856216662e+00 8.324362147610171903e+00
4.168399227520036554e+00 1.247251452914376912e+01 8.324362147610171903e+00
6.249285470856218438e+00 1.455340077247995545e+01 8.324362147610171903e+00
8.323612767583780325e+00 1.247539228153826407e+01 8.323612767583780325e+00
1.039778569689327981e+01 1.455569068012283829e+01 8.324014303106711310e+00
4.171890923577326049e+00 -1.315696824667614458e-02 8.323607741861346554e+00
6.249600948059415906e+00 2.084665787656547309e+00 8.324426927584315905e+00
1.663177105549919332e+01 4.174138457886642506e+00 8.324670586656074178e+00
1.874027505460106724e+01 6.248035350617961114e+00 8.324028951228035211e+00
-2.384149521847230262e-03 1.662340343099458906e+01 8.323156000343866268e+00
2.098396569005406054e+00 1.872418414952183952e+01 8.323156000343868044e+00
1.247539228153826585e+01 8.323612767583780325e+00 8.323612767583782102e+00
1.455569068012283829e+01 1.039778569689328158e+01 8.324014303106709534e+00
-1.315696824667604396e-02 4.171890923577325161e+00 8.323607741861346554e+00
2.084665787656547753e+00 6.249600948059416794e+00 8.324426927584314129e+00
8.324014303106713086e+00 4.166109319877152828e+00 8.324014303106714863e+00
1.039818723241621257e+01 6.246407718461733261e+00 8.323612767583783878e+00
1.663977669288523842e+01 8.323913890680092464e+00 8.323913890680094241e+00
1.874285439123584140e+01 1.039812408767273944e+01 8.323675912327249904e+00
8.323913890680094241e+00 1.663977669288523842e+01 8.323913890680094241e+00
1.039812408767273944e+01 1.874285439123584140e+01 8.323675912327249904e+00
4.166109319877152828e+00 8.324014303106714863e+00 8.324014303106713086e+00
6.246407718461733261e+00 1.039818723241621257e+01 8.323612767583782102e+00
1.247404491756351064e+01 1.247404491756351064e+01 8.324055154542152835e+00
1.454989766012301899e+01 1.454989766012301899e+01 8.324753503926068277e+00
4.174138457886644282e+00 1.663177105549919332e+01 8.324670586656074178e+00
6.248035350617962003e+00 1.874027505460106724e+01 8.324028951228035211e+00
1.663713421234345446e+01 1.247219905194057255e+01 8.324426927584314129e+00
1.873495696824666368e+01 1.454990907642266684e+01 8.323607741861348330e+00
-2.105439123584060615e-02 8.323675912327253457e+00 8.323675912327251680e+00
2.082023307114751809e+00 1.039788610931990220e+01 8.323913890680094241e+00
2.095926559644977871e+00 2.095926559644977871e+00 8.323872417265745227e+00
6.040791620797148279e-03 6.040791620796557605e-03 8.322453172255562137e+00
1.247376464938203533e+01 -1.847505460108618200e-02 8.324028951228040540e+00
1.454766154211334950e+01 2.090028944500800900e+00 8.324670586656077731e+00
1.247219905194057255e+01 1.663713421234345446e+01 8.324426927584314129e+00
1.454990907642266684e+01 1.873495696824666368e+01 8.323607741861348330e+00
1.662587344035501502e+01 1.662587344035501502e+01 8.323872417265752333e+00
1.871575920837920748e+01 1.871575920837920748e+01 8.322453172255572795e+00
1.871575920837920393e+01 6.040791620801529323e-03 1.039934682774443431e+01
1.662587344035501502e+01 2.095926559644975651e+00 1.039792758273425122e+01
-2.384149521846706810e-03 2.098396569005402057e+00 1.039864399965612840e+01
2.098396569005402501e+00 -2.384149521847095388e-03 1.039864399965612840e+01
1.039788610931989865e+01 1.663977669288524197e+01 1.039788610931990043e+01
8.323675912327249904e+00 1.874285439123584140e+01 1.039812408767273944e+01
1.455569068012284006e+01 8.324014303106709534e+00 1.039778569689328158e+01
1.247539228153826407e+01 1.039818723241621079e+01 1.039818723241621257e+01
6.247755082436476037e+00 1.247404491756351064e+01 1.039774484545784539e+01
4.171902339876971233e+00 1.454989766012301899e+01 1.039704649607393172e+01
2.084665787656548197e+00 1.247219905194057787e+01 1.039737307241568409e+01
-1.315696824667580977e-02 1.454990907642267395e+01 1.039819225813865344e+01
1.873495696824666013e+01 4.171890923577323385e+00 1.039819225813864989e+01
1.663713421234345091e+01 6.249600948059414129e+00 1.039737307241567876e+01
1.039857222041795559e+01 8.323227779582039076e+00 1.039857222041795559e+01
8.323227779582039076e+00 1.039857222041795559e+01 1.039857222041795559e+01
1.039812408767274654e+01 -2.105439123584092534e-02 1.039812408767274654e+01
8.323913890680096017e+00 2.082023307114751809e+00 1.039788610931990220e+01
2.082023307114752253e+00 8.323913890680096017e+00 1.039788610931990220e+01
-2.105439123584031125e-02 1.039812408767274654e+01 1.039812408767274654e+01
1.455340077247995900e+01 1.247251452914376912e+01 1.039743785238982277e+01
1.247251452914376735e+01 1.455340077247995900e+01 1.039743785238982277e+01
1.454990907642267395e+01 -1.315696824667593121e-02 1.039819225813865344e+01
1.247219905194057610e+01 2.084665787656547309e+00 1.039737307241568409e+01
1.874285439123584140e+01 8.323675912327249904e+00 1.039812408767273944e+01
1.663977669288524197e+01 1.039788610931989865e+01 1.039788610931989865e+01
6.246407718461733261e+00 8.323612767583783878e+00 1.039818723241621257e+01
4.166109319877151940e+00 1.039778569689328336e+01 1.039778569689328336e+01
2.095926559644976539e+00 1.662587344035501502e+01 1.039792758273425122e+01
6.040791620802841641e-03 1.871575920837920748e+01 1.039934682774443431e+01
6.249285470856221103e+00 4.168399227520036554e+00 1.039743785238982277e+01
4.168399227520037442e+00 6.249285470856221103e+00 1.039743785238982277e+01
1.039818723241621079e+01 1.247539228153826407e+01 1.039818723241621257e+01
8.324014303106709534e+00 1.455569068012283829e+01 1.039778569689328158e+01
1.454766154211335127e+01 1.663177105549919332e+01 1.039712941334392049e+01
1.247376464938203178e+01 1.874027505460107079e+01 1.039777104877195768e+01
1.874027505460107079e+01 1.247376464938203178e+01 1.039777104877195768e+01
1.663177105549919688e+01 1.454766154211335127e+01 1.039712941334392049e+01
6.249600948059415906e+00 1.663713421234345091e+01 1.039737307241568054e+01
4.171890923577325161e+00 1.873495696824666013e+01 1.039819225813865167e+01
1.454989766012301722e+01 4.171902339876969457e+00 1.039704649607393172e+01
1.247404491756351241e+01 6.247755082436476037e+00 1.039774484545784539e+01
1.039778569689328336e+01 4.166109319877151940e+00 1.039778569689328336e+01
8.323612767583782102e+00 6.246407718461733261e+00 1.039818723241621257e+01
6.248035350617964667e+00 -1.847505460108480463e-02 1.039777104877195946e+01
4.174138457886646059e+00 2.090028944500801344e+00 1.039712941334392049e+01
2.090028944500801789e+00 4.174138457886646059e+00 1.039712941334391871e+01
-1.847505460108466585e-02 6.248035350617964667e+00 1.039777104877195768e+01
1.872418414952184307e+01 1.662340343099458551e+01 1.039864399965613195e+01
1.662340343099458551e+01 1.872418414952184307e+01 1.039864399965613195e+01
1.247156166204977268e+01 -1.601513834514261408e-02 1.247156166204977268e+01
1.454511237204376961e+01 2.092698247029448400e+00 1.246937798907296369e+01
8.324362147610171903e+00 4.168399227520036554e+00 1.247251452914376912e+01
1.039774484545784361e+01 6.247755082436476037e+00 1.247404491756351241e+01
8.324055154542152835e+00 1.247404491756351064e+01 1.247404491756351241e+01
1.039743785238982277e+01 1.455340077247995900e+01 1.247251452914376912e+01
1.662910175297055204e+01 4.176687627956229498e+00 1.246937798907296191e+01
1.873781513834513746e+01 6.250238337950219325e+00 1.247156166204976557e+01
1.247276335436638561e+01 1.247276335436638561e+01 1.247276335436638739e+01
1.454766569703003221e+01 1.454766569703003221e+01 1.246971191272853829e+01
4.170742006998460205e+00 1.247109548244333688e+01 1.247109548244333688e+01
6.250704517556663120e+00 1.455105799300153357e+01 1.247109548244333688e+01
4.175207369212085240e+00 -1.083297506729326808e-02 1.247101327138676830e+01
6.250909922280893483e+00 2.087318257835417246e+00 1.247089007771911007e+01
4.168399227520036554e+00 8.324362147610171903e+00 1.247251452914376912e+01
6.247755082436476037e+00 1.039774484545784361e+01 1.247404491756351241e+01
4.174134302969964239e+00 4.174134302969963350e+00 1.246971191272853474e+01
6.249036645633605502e+00 6.249036645633605502e+00 1.247276335436638561e+01
1.247109548244333688e+01 4.170742006998460205e+00 1.247109548244333688e+01
1.455105799300153357e+01 6.250704517556662232e+00 1.247109548244333510e+01
1.663713421234345446e+01 8.324426927584314129e+00 1.247219905194057255e+01
1.874027505460107079e+01 1.039777104877195768e+01 1.247376464938203178e+01
8.324028951228042317e+00 -1.847505460108578301e-02 1.247376464938203711e+01
1.039737307241568409e+01 2.084665787656547753e+00 1.247219905194057787e+01
1.247089007771911007e+01 1.663448174216458142e+01 1.247089007771911007e+01
1.454659263078791120e+01 1.873263297506728975e+01 1.247101327138676830e+01
-1.601513834514276327e-02 1.247156166204977268e+01 1.247156166204977268e+01
2.092698247029448844e+00 1.454511237204376961e+01 1.246937798907296369e+01
8.324426927584314129e+00 1.663713421234345446e+01 1.247219905194057432e+01
1.039777104877195768e+01 1.874027505460107079e+01 1.247376464938203178e+01
8.323612767583780325e+00 8.323612767583780325e+00 1.247539228153826585e+01
1.039818723241621079e+01 1.039818723241621079e+01 1.247539228153826407e+01
2.098577605872391949e+00 2.098577605872392393e+00 1.247000134812834915e+01
7.212217129307684285e-03 7.212217129307646121e-03 1.247519853436844706e+01
1.663448174216458142e+01 1.247089007771911007e+01 1.247089007771911007e+01
1.873263297506728975e+01 1.454659263078791120e+01 1.247101327138676830e+01
-1.083297506729339992e-02 4.175207369212085240e+00 1.247101327138676652e+01
2.087318257835416802e+00 6.250909922280892594e+00 1.247089007771911007e+01
1.247404491756351064e+01 8.324055154542152835e+00 1.247404491756351241e+01
1.455340077247995900e+01 1.039743785238982277e+01 1.247251452914376735e+01
1.662131295014222232e+01 -7.889896231448116073e-04 1.247317646684142289e+01
1.872258898962314433e+01 2.100487049857771460e+00 1.247317646684142645e+01
4.176687627956229498e+00 1.662910175297055204e+01 1.246937798907296191e+01
6.250238337950220213e+00 1.873781513834513746e+01 1.247156166204976735e+01
-7.889896231443997189e-04 1.662131295014222232e+01 1.247317646684142112e+01
2.100487049857772348e+00 1.872258898962314433e+01 1.247317646684142645e+01
-1.847505460108581771e-02 8.324028951228040540e+00 1.247376464938203533e+01
2.084665787656547753e+00 1.039737307241568409e+01 1.247219905194057787e+01
1.662322239412760538e+01 1.662322239412760538e+01 1.247000134812835093e+01
1.871458778287070501e+01 1.871458778287070501e+01 1.247519853436843995e+01
1.872800206894319075e+01 4.179885990506658544e+00 1.454191400949335033e+01
1.662910175297055204e+01 6.252422010927042528e+00 1.454511237204376783e+01
1.454407411803532746e+01 4.177725881964674315e+00 1.454407411803532746e+01
1.247109548244333510e+01 6.250704517556663120e+00 1.455105799300153357e+01
1.039712941334392227e+01 1.663177105549919688e+01 1.454766154211335305e+01
8.323607741861348330e+00 1.873495696824666368e+01 1.454990907642266684e+01
6.250704517556663120e+00 1.247109548244333510e+01 1.455105799300153535e+01
4.177725881964674315e+00 1.454407411803532746e+01 1.454407411803532746e+01
6.249285470856217550e+00 8.324362147610171903e+00 1.455340077247995723e+01
4.171902339876970345e+00 1.039704649607393172e+01 1.454989766012301899e+01
2.097890280414186126e+00 4.179697719552861734e+00 1.454210228044713027e+01
-1.083297506729466626e-02 6.250786728613231702e+00 1.454659263078790943e+01
1.454210228044713205e+01 1.662390971958581076e+01 1.454210228044713382e+01
1.247101327138676830e+01 1.873263297506728975e+01 1.454659263078791298e+01
1.039704649607393172e+01 4.171902339876970345e+00 1.454989766012301899e+01
8.324362147610171903e+00 6.249285470856217550e+00 1.455340077247995723e+01
1.873495696824666368e+01 8.323607741861348330e+00 1.454990907642266684e+01
1.663177105549919332e+01 1.039712941334392049e+01 1.454766154211335127e+01
2.103873707118826708e+00 1.661792629288117951e+01 1.453957056798919112e+01
9.824924821070857642e-03 1.871197507517890202e+01 1.454767696399302856e+01
2.092698247029448400e+00 1.246937798907296369e+01 1.454511237204377139e+01
-6.202068943198028178e-03 1.454191400949335389e+01 1.454191400949335389e+01
1.454989766012301899e+01 8.324753503926070053e+00 1.454989766012301899e+01
1.247251452914376912e+01 1.039743785238982277e+01 1.455340077247995900e+01
1.039743785238982277e+01 1.247251452914376735e+01 1.455340077247995900e+01
8.324753503926070053e+00 1.454989766012301899e+01 1.454989766012302077e+01
1.454191400949335389e+01 -6.202068943198069811e-03 1.454191400949335566e+01
1.246937798907296369e+01 2.092698247029448844e+00 1.454511237204377139e+01
3.745544626475750139e-03 2.106865775181292921e+00 1.454199593633218157e+01
2.106865775181292033e+00 3.745544626476376374e-03 1.454199593633218157e+01
1.871197507517889846e+01 9.824924821070325082e-03 1.454767696399303034e+01
1.661792629288117951e+01 2.103873707118826264e+00 1.453957056798919112e+01
1.873263297506728975e+01 1.247101327138676830e+01 1.454659263078791298e+01
1.662390971958581076e+01 1.454210228044713205e+01 1.454210228044713382e+01
1.039819225813865344e+01 -1.315696824667547150e-02 1.454990907642267572e+01
8.324670586656077731e+00 2.090028944500801789e+00 1.454766154211335127e+01
6.250786728613232590e+00 -1.083297506729459861e-02 1.454659263078790943e+01
4.179697719552861734e+00 2.097890280414186570e+00 1.454210228044713027e+01
2.090028944500800900e+00 8.324670586656077731e+00 1.454766154211334950e+01
-1.315696824667591212e-02 1.039819225813865344e+01 1.454990907642267572e+01
6.252422010927042528e+00 1.662910175297055204e+01 1.454511237204376783e+01
4.179885990506658544e+00 1.872800206894319075e+01 1.454191400949335033e+01
1.454766569703003221e+01 1.246971191272853652e+01 1.454766569703003221e+01
1.246971191272853652e+01 1.454766569703003221e+01 1.454766569703003221e+01
1.039778569689328158e+01 8.324014303106711310e+00 1.455569068012284006e+01
8.324014303106711310e+00 1.039778569689328158e+01 1.455569068012284006e+01
6.252088087271453709e+00 4.174134302969964239e+00 1.454766569703003221e+01
4.174134302969964239e+00 6.252088087271452821e+00 1.454766569703003043e+01
1.871805445537351531e+01 1.661493422481871463e+01 1.454199593633217980e+01
1.661493422481871463e+01 1.871805445537351531e+01 1.454199593633217980e+01
4.176687627956229498e+00 1.246937798907296191e+01 1.662910175297055204e+01
6.252422010927042528e+00 1.454511237204376783e+01 1.662910175297055204e+01
1.247000134812835093e+01 1.662322239412760538e+01 1.662322239412760894e+01
1.454199593633217802e+01 1.871805445537351531e+01 1.661493422481871818e+01
1.247317646684141934e+01 -7.889896231446476759e-04 1.662131295014222232e+01
1.453957056798918934e+01 2.103873707118826708e+00 1.661792629288117951e+01
1.247219905194057255e+01 8.324426927584314129e+00 1.663713421234345446e+01
1.454766154211335127e+01 1.039712941334392049e+01 1.663177105549919688e+01
2.108533962266304851e+00 2.108533962266304851e+00 1.661326603773368049e+01
2.011766316252061593e-02 2.011766316252177819e-02 1.660722181256486962e+01
3.745544626477704305e-03 4.179804063667818426e+00 1.661493422481871818e+01
2.098577605872392393e+00 6.251798651871641965e+00 1.662322239412760183e+01
1.662587344035501502e+01 8.323872417265750556e+00 1.662587344035501502e+01
1.872418414952184307e+01 1.039864399965613018e+01 1.662340343099458551e+01
8.323913890680094241e+00 8.323913890680094241e+00 1.663977669288523842e+01
1.039788610931990043e+01 1.039788610931989865e+01 1.663977669288524552e+01
4.179804063667818426e+00 3.745544626477493103e-03 1.661493422481871818e+01
6.251798651871641077e+00 2.098577605872391949e+00 1.662322239412760183e+01
-7.889896231446642642e-04 1.247317646684142112e+01 1.662131295014222232e+01
2.103873707118826264e+00 1.453957056798919112e+01 1.661792629288117951e+01
1.392765298695084614e-02 1.660735751524954651e+01 1.660735751524954651e+01
2.114442484750461482e+00 1.870787234701307256e+01 1.660735751524954296e+01
1.660735751524954651e+01 1.392765298695010194e-02 1.660735751524955006e+01
1.870787234701306900e+01 2.114442484750460594e+00 1.660735751524954296e+01
8.323872417265752333e+00 1.662587344035501502e+01 1.662587344035501502e+01
1.039864399965613195e+01 1.872418414952184307e+01 1.662340343099458551e+01
8.324670586656074178e+00 4.174138457886644282e+00 1.663177105549919332e+01
1.039737307241568054e+01 6.249600948059415906e+00 1.663713421234345091e+01
1.247089007771911007e+01 1.247089007771910829e+01 1.663448174216458142e+01
1.454210228044713205e+01 1.454210228044713205e+01 1.662390971958581076e+01
1.662322239412760538e+01 1.247000134812834915e+01 1.662322239412760538e+01
1.871805445537351886e+01 1.454199593633217802e+01 1.661493422481871818e+01
1.246937798907296191e+01 4.176687627956230386e+00 1.662910175297055204e+01
1.454511237204376783e+01 6.252422010927042528e+00 1.662910175297055204e+01
4.179697719552860846e+00 4.179697719552860846e+00 1.662390971958580721e+01
6.250909922280889042e+00 6.250909922280889930e+00 1.663448174216457787e+01
-2.384149521847112735e-03 8.323156000343864491e+00 1.662340343099458906e+01
2.095926559644976539e+00 1.039792758273425122e+01 1.662587344035501502e+01
8.323156000343864491e+00 -2.384149521846635252e-03 1.662340343099458906e+01
1.039792758273425122e+01 2.095926559644976983e+00 1.662587344035501502e+01
4.174138457886643394e+00 8.324670586656074178e+00 1.663177105549919332e+01
6.249600948059415906e+00 1.039737307241568054e+01 1.663713421234345446e+01
1.661792629288117951e+01 4.182229432010821313e+00 1.661792629288117951e+01
1.872258898962314433e+01 6.248623533158596643e+00 1.662131295014221521e+01
8.324426927584315905e+00 1.247219905194057255e+01 1.663713421234345446e+01
1.039712941334392227e+01 1.454766154211335127e+01 1.663177105549919688e+01
4.182229432010821313e+00 1.661792629288117951e+01 1.661792629288117951e+01
6.248623533158597532e+00 1.872258898962314433e+01 1.662131295014221521e+01
1.661326603773368049e+01 1.661326603773368049e+01 1.661326603773368404e+01
1.870168233683747516e+01 1.870168233683747516e+01 1.660722181256487673e+01
1.039864399965613018e+01 1.662340343099458551e+01 1.872418414952184662e+01
8.322453172255572795e+00 1.871575920837920748e+01 1.871575920837920748e+01
6.248623533158597532e+00 1.662131295014221521e+01 1.872258898962314433e+01
4.174123036006998078e+00 1.871197507517890202e+01 1.871197507517890202e+01
2.114442484750461038e+00 1.660735751524954296e+01 1.870787234701307256e+01
3.465926117778785065e-02 1.868714073882223303e+01 1.868714073882223303e+01
2.114578187435112167e+00 2.011766316252225004e-02 1.870168233683747161e+01
2.011766316252310005e-02 2.114578187435111722e+00 1.870168233683747161e+01
1.871575920837920748e+01 8.322453172255572795e+00 1.871575920837920748e+01
1.662340343099458551e+01 1.039864399965613018e+01 1.872418414952184662e+01
1.454191400949335033e+01 4.179885990506659432e+00 1.872800206894319075e+01
1.247156166204976557e+01 6.250238337950219325e+00 1.873781513834513746e+01
2.098396569005405610e+00 8.323156000343868044e+00 1.872418414952183952e+01
6.040791620802081832e-03 1.039934682774443431e+01 1.871575920837920393e+01
1.868714073882223303e+01 3.465926117778784371e-02 1.868714073882223659e+01
1.660735751524953940e+01 2.114442484750461482e+00 1.870787234701307256e+01
1.454659263078791120e+01 1.247101327138676830e+01 1.873263297506729330e+01
1.247101327138676830e+01 1.454659263078791298e+01 1.873263297506729330e+01
1.039777104877195768e+01 1.247376464938203178e+01 1.874027505460107434e+01
8.323607741861348330e+00 1.454990907642266684e+01 1.873495696824666368e+01
6.250786728613229037e+00 4.175207369212083464e+00 1.873263297506728620e+01
4.175207369212082575e+00 6.250786728613229926e+00 1.873263297506728620e+01
2.100487049857772348e+00 1.247317646684142645e+01 1.872258898962314433e+01
9.824924821070817743e-03 1.454767696399302856e+01 1.871197507517890202e+01
2.106865775181289369e+00 4.179804063667809544e+00 1.871805445537351531e+01
7.212217129318124718e-03 6.246601465631557382e+00 1.871458778287071922e+01
1.039812408767273944e+01 8.323675912327248128e+00 1.874285439123584496e+01
8.323675912327249904e+00 1.039812408767273944e+01 1.874285439123584496e+01
1.871458778287070501e+01 1.247519853436843817e+01 1.871458778287070501e+01
1.661493422481871463e+01 1.454199593633217802e+01 1.871805445537351886e+01
1.454767696399302679e+01 9.824924821071206321e-03 1.871197507517890202e+01
1.247317646684142467e+01 2.100487049857773236e+00 1.872258898962314433e+01
6.248035350617962003e+00 8.324028951228035211e+00 1.874027505460106724e+01
4.171890923577324273e+00 1.039819225813865167e+01 1.873495696824666368e+01
6.246601465631555605e+00 7.212217129318060534e-03 1.871458778287071922e+01
4.179804063667808656e+00 2.106865775181289813e+00 1.871805445537351531e+01
1.871197507517890202e+01 4.174123036006996301e+00 1.871197507517890202e+01
1.662131295014221521e+01 6.248623533158596643e+00 1.872258898962314433e+01
1.454990907642266684e+01 8.323607741861348330e+00 1.873495696824666368e+01
1.247376464938203178e+01 1.039777104877195768e+01 1.874027505460107434e+01
1.454199593633217802e+01 1.661493422481871463e+01 1.871805445537351886e+01
1.247519853436843995e+01 1.871458778287070501e+01 1.871458778287070857e+01
1.039819225813864989e+01 4.171890923577325161e+00 1.873495696824666013e+01
8.324028951228035211e+00 6.248035350617962003e+00 1.874027505460106724e+01
6.250238337950220213e+00 1.247156166204976735e+01 1.873781513834513746e+01
4.179885990506658544e+00 1.454191400949335211e+01 1.872800206894319075e+01
1.039934682774443253e+01 6.040791620803948395e-03 1.871575920837920748e+01
8.323156000343866268e+00 2.098396569005405610e+00 1.872418414952183952e+01
1.870168233683747516e+01 1.660722181256487673e+01 1.870168233683747516e+01
1.660722181256487673e+01 1.870168233683747516e+01 1.870168233683747516e+01
