2.100823199854425116e+00 2.100823199854425116e+00 2.915044173662145527e-04
2.096388869486424944e-02 2.096388869486431536e-02 2.096388869486401352e-02
-1.475499664420488154e-03 4.164278927822241627e+00 -1.475499664420374096e-03
2.094503222479846993e+00 6.233755452744825121e+00 -8.764728402253996881e-03
7.250407286508956696e-03 8.299006499192895348e+00 7.250407286508361686e-03
2.101993500807104009e+00 1.039374959271349042e+01 7.250407286509325325e-03
4.164278927822241627e+00 -1.475499664420503983e-03 -1.475499664420352412e-03
6.233755452744825121e+00 2.094503222479846993e+00 -8.764728402253996881e-03
4.166311783295991056e+00 4.166311783295991056e+00 -1.733637707250999457e-02
6.234688216704005193e+00 6.234688216704005193e+00 -1.733637707250894333e-02
4.167244547255172016e+00 8.306496777520139929e+00 -8.764728402253325543e-03
6.236721072177754621e+00 1.040247549966440133e+01 -1.475499664424311051e-03
8.299006499192895348e+00 7.250407286508956696e-03 7.250407286508362553e-03
1.039374959271349042e+01 2.101993500807104009e+00 7.250407286509325325e-03
8.306496777520139929e+00 4.167244547255172016e+00 -8.764728402253322073e-03
1.040247549966440133e+01 6.236721072177754621e+00 -1.475499664424311918e-03
8.300176800145573353e+00 8.300176800145573353e+00 2.915044173670377332e-04
1.038003611130512205e+01 1.038003611130512205e+01 2.096388869485768525e-02
6.235523823083738648e+00 4.165476176916259377e+00 2.086907549339919843e+00
4.165476176916259377e+00 6.235523823083738648e+00 2.086907549339919843e+00
2.095015978684420244e+00 8.305984021315577337e+00 2.095015978684420688e+00
7.250407286508490055e-03 1.039374959271348864e+01 2.101993500807104898e+00
6.233643297702459840e+00 8.309657796948124897e+00 2.091342203051878457e+00
4.167244547255172904e+00 1.040976472840226030e+01 2.094503222479847437e+00
2.091342203051875792e+00 4.167356702297537296e+00 2.091342203051875792e+00
-8.764728402254104433e-03 6.233755452744825121e+00 2.094503222479846549e+00
1.039374959271348864e+01 7.250407286508490055e-03 2.101993500807104898e+00
8.305984021315577337e+00 2.095015978684420244e+00 2.095015978684420688e+00
6.233755452744825121e+00 -8.764728402254104433e-03 2.094503222479846549e+00
4.167356702297537296e+00 2.091342203051875792e+00 2.091342203051875792e+00
1.040976472840226030e+01 4.167244547255172904e+00 2.094503222479847437e+00
8.309657796948124897e+00 6.233643297702459840e+00 2.091342203051878457e+00
2.915044173663603778e-04 2.100823199854425116e+00 2.100823199854425560e+00
2.100823199854425116e+00 2.915044173663954518e-04 2.100823199854425560e+00
1.040070849558262900e+01 8.300176800145575129e+00 2.100823199854422452e+00
8.300176800145575129e+00 1.040070849558262900e+01 2.100823199854422452e+00
-8.764728402253471259e-03 8.306496777520139929e+00 4.167244547255172904e+00
2.094503222479846993e+00 1.040976472840226030e+01 4.167244547255173792e+00
2.091342203051875792e+00 2.091342203051875792e+00 4.167356702297538185e+00
-1.475499664420384070e-03 -1.475499664420355664e-03 4.164278927822242515e+00
8.306496777520139929e+00 -8.764728402253474729e-03 4.167244547255172904e+00
1.040976472840226030e+01 2.094503222479846993e+00 4.167244547255173792e+00
4.164372509354505425e+00 4.164372509354505425e+00 4.164372509354506313e+00
6.236627490645492600e+00 6.236627490645492600e+00 4.164372509354506313e+00
-1.733637707251013335e-02 4.166311783295991056e+00 4.166311783295991056e+00
2.086907549339919399e+00 6.235523823083737760e+00 4.165476176916259377e+00
8.314092450660078626e+00 4.165476176916258488e+00 4.165476176916259377e+00
1.041833637707250659e+01 6.234688216704006969e+00 4.166311783295991944e+00
4.166311783295991056e+00 -1.733637707251013335e-02 4.166311783295991056e+00
6.235523823083737760e+00 2.086907549339919399e+00 4.165476176916259377e+00
4.165476176916258488e+00 8.314092450660078626e+00 4.165476176916259377e+00
6.234688216704006969e+00 1.041833637707250659e+01 4.166311783295991944e+00
8.309657796948124897e+00 8.309657796948124897e+00 4.167356702297537296e+00
1.040247549966440133e+01 1.040247549966440133e+01 4.164278927822242515e+00
1.040247549966440133e+01 -1.475499664424352033e-03 6.236721072177754621e+00
8.309657796948124897e+00 2.091342203051878457e+00 6.233643297702460728e+00
2.086907549339919399e+00 4.165476176916259377e+00 6.235523823083739536e+00
-1.733637707250885313e-02 6.234688216704005193e+00 6.234688216704006081e+00
-8.764728402254203313e-03 2.094503222479846993e+00 6.233755452744826009e+00
2.094503222479846993e+00 -8.764728402254201578e-03 6.233755452744826009e+00
6.235523823083738648e+00 8.314092450660076850e+00 6.235523823083739536e+00
4.166311783295991056e+00 1.041833637707250837e+01 6.234688216704007857e+00
1.041833637707250837e+01 4.166311783295991056e+00 6.234688216704007857e+00
8.314092450660076850e+00 6.235523823083738648e+00 6.235523823083739536e+00
2.091342203051878457e+00 8.309657796948124897e+00 6.233643297702460728e+00
-1.475499664424353118e-03 1.040247549966440133e+01 6.236721072177754621e+00
6.236627490645492600e+00 4.164372509354505425e+00 6.236627490645494376e+00
4.164372509354505425e+00 6.236627490645492600e+00 6.236627490645494376e+00
6.234688216704005193e+00 -1.733637707250884966e-02 6.234688216704006081e+00
4.165476176916259377e+00 2.086907549339919399e+00 6.235523823083739536e+00
1.040976472840225853e+01 8.306496777520143482e+00 6.233755452744827785e+00
8.306496777520143482e+00 1.040976472840225853e+01 6.233755452744827785e+00
4.167356702297537296e+00 8.309657796948124897e+00 8.309657796948124897e+00
6.233755452744826897e+00 1.040976472840225853e+01 8.306496777520143482e+00
4.165476176916258488e+00 4.165476176916258488e+00 8.314092450660080402e+00
6.235523823083738648e+00 6.235523823083738648e+00 8.314092450660078626e+00
-8.764728402253426157e-03 4.167244547255172016e+00 8.306496777520141706e+00
2.091342203051878457e+00 6.233643297702459840e+00 8.309657796948126673e+00
8.309657796948124897e+00 4.167356702297537296e+00 8.309657796948124897e+00
1.040976472840225853e+01 6.233755452744826897e+00 8.306496777520143482e+00
2.915044173670972016e-04 8.300176800145573353e+00 8.300176800145573353e+00
2.100823199854422008e+00 1.040070849558263077e+01 8.300176800145575129e+00
2.095015978684420244e+00 2.095015978684420244e+00 8.305984021315579113e+00
7.250407286508892511e-03 7.250407286508894246e-03 8.299006499192897124e+00
8.300176800145573353e+00 2.915044173670983943e-04 8.300176800145573353e+00
1.040070849558263077e+01 2.100823199854422008e+00 8.300176800145575129e+00
4.167244547255172016e+00 -8.764728402253426157e-03 8.306496777520141706e+00
6.233643297702459840e+00 2.091342203051878457e+00 8.309657796948126673e+00
8.305984021315577337e+00 8.305984021315577337e+00 8.305984021315577337e+00
1.039374959271349219e+01 1.039374959271349219e+01 8.299006499192895348e+00
6.236721072177754621e+00 -1.475499664425000603e-03 1.040247549966440133e+01
4.167244547255172904e+00 2.094503222479846549e+00 1.040976472840226208e+01
2.100823199854421564e+00 8.300176800145575129e+00 1.040070849558263077e+01
2.096388869485701911e-02 1.038003611130512205e+01 1.038003611130512205e+01
1.040247549966440133e+01 4.164278927822242515e+00 1.040247549966440133e+01
8.306496777520143482e+00 6.233755452744827785e+00 1.040976472840226030e+01
6.234688216704006969e+00 4.166311783295991056e+00 1.041833637707250837e+01
4.166311783295991056e+00 6.234688216704006969e+00 1.041833637707250837e+01
1.038003611130512205e+01 2.096388869485701911e-02 1.038003611130512205e+01
8.300176800145575129e+00 2.100823199854421564e+00 1.040070849558263077e+01
6.233755452744827785e+00 8.306496777520143482e+00 1.040976472840226030e+01
4.164278927822242515e+00 1.040247549966440133e+01 1.040247549966440133e+01
2.094503222479846549e+00 4.167244547255172904e+00 1.040976472840226208e+01
-1.475499664424999302e-03 6.236721072177754621e+00 1.040247549966440133e+01
2.101993500807104454e+00 7.250407286508843072e-03 1.039374959271349219e+01
7.250407286508843072e-03 2.101993500807104454e+00 1.039374959271349219e+01
1.039374959271349219e+01 8.299006499192895348e+00 1.039374959271349219e+01
8.299006499192895348e+00 1.039374959271349219e+01 1.039374959271349219e+01
