2.118909374631550158e+00 2.118909374631549714e+00 1.839388489601601756e-02
3.913637629428937115e-02 3.913637629428883685e-02 3.913637629428855236e-02
1.404252994980311614e-02 4.178103492127986485e+00 1.404252994980289757e-02
2.104648291242476432e+00 6.252417654931708313e+00 3.403893560913284853e-03
9.475268941432250097e-03 8.325283141247981078e+00 9.475268941432489489e-03
2.100546363818760032e+00 1.040272457600927503e+01 3.709072687544128400e-04
8.801631199662898059e-03 1.247986367373907335e+01 8.801631199663251942e-03
2.101892272642087001e+00 1.455551472808218882e+01 1.308478210012375183e-03
1.112312992041769588e-02 1.663221696478953859e+01 1.112312992041754843e-02
2.111288960468433729e+00 1.869816393649514552e+01 8.152402179377479449e-03
2.450279056170503664e-02 2.076326519634688950e+01 2.450279056170558828e-02
2.118934803653123478e+00 2.285769720943829242e+01 2.450279056170534889e-02
4.178103492127988261e+00 1.404252994980375105e-02 1.404252994980334512e-02
6.252417654931710089e+00 2.104648291242476432e+00 3.403893560913752361e-03
4.184313185596085560e+00 4.184313185596084672e+00 -1.696715970215161148e-03
6.254539677420167365e+00 6.254539677420166477e+00 -1.176572810735789475e-02
4.175206713025252370e+00 8.327789982180370032e+00 -9.329412003056293534e-03
6.249495091155240267e+00 1.040334406273191981e+01 -1.636073492042466188e-02
4.173481587616445054e+00 1.247901963427896632e+01 -1.043133435902465940e-02
6.251531107359938666e+00 1.455362519704230273e+01 -1.485348510036611433e-02
4.179428495827703927e+00 1.662721367457570665e+01 -6.470018554687010856e-03
6.254986325424272131e+00 1.870277150417228285e+01 -6.470018554682908235e-03
4.184036063504886549e+00 2.077091103953157614e+01 8.152402179382388717e-03
6.249983035210473936e+00 2.287107687007960166e+01 1.112312992041372163e-02
8.325283141247982854e+00 9.475268941433023784e-03 9.475268941432527653e-03
1.040272457600927680e+01 2.100546363818760476e+00 3.709072687545036961e-04
8.327789982180371808e+00 4.175206713025252370e+00 -9.329412003056128735e-03
1.040334406273191981e+01 6.249495091155241155e+00 -1.636073492042441554e-02
8.327978481060901217e+00 8.327978481060901217e+00 -1.837316608518650002e-02
1.040319265136450255e+01 1.040319265136450078e+01 -2.175170266388966323e-02
8.326660762093807122e+00 1.247877128774564426e+01 -2.001684609942369283e-02
1.040342871225435317e+01 1.455553923790619208e+01 -2.001684609942382120e-02
8.328574802957696477e+00 1.663066889264006321e+01 -1.485348510036491043e-02
1.040318036572103111e+01 1.870871841238355415e+01 -1.043133435902268528e-02
8.326685271917796172e+00 2.078030772735790066e+01 1.308478210013250135e-03
1.040233632626091875e+01 2.287339836880031640e+01 8.801631199653053503e-03
1.247986367373907513e+01 8.801631199663283167e-03 8.801631199663253677e-03
1.455551472808219060e+01 2.101892272642088333e+00 1.308478210012240526e-03
1.247901963427896632e+01 4.173481587616445943e+00 -1.043133435902460042e-02
1.455362519704230451e+01 6.251531107359939554e+00 -1.485348510036577085e-02
1.247877128774564426e+01 8.326660762093807122e+00 -2.001684609942335283e-02
1.455553923790619208e+01 1.040342871225435317e+01 -2.001684609942326262e-02
1.247900734863549133e+01 1.247900734863549133e+01 -2.175170266388931628e-02
1.455422151893909088e+01 1.455422151893908911e+01 -1.837316608518680186e-02
1.247885593726807585e+01 1.663270490884476516e+01 -1.636073492042675048e-02
1.455441001781962207e+01 1.870699328697475394e+01 -9.329412003056897218e-03
1.247947542399072596e+01 2.078165363618123962e+01 3.709072687591773122e-04
1.455691685875201280e+01 2.287272473105857529e+01 9.475268941437518452e-03
1.663221696478953859e+01 1.112312992041788670e-02 1.112312992041781558e-02
1.869816393649514552e+01 2.111288960468433284e+00 8.152402179377746597e-03
1.662721367457571020e+01 4.179428495827704815e+00 -6.470018554687094123e-03
1.870277150417228640e+01 6.254986325424273019e+00 -6.470018554683181454e-03
1.663066889264006321e+01 8.328574802957696477e+00 -1.485348510036490696e-02
1.870871841238355415e+01 1.040318036572103111e+01 -1.043133435902177282e-02
1.663270490884476871e+01 1.247885593726807762e+01 -1.636073492042536270e-02
1.870699328697475750e+01 1.455441001781962562e+01 -9.329412003055006369e-03
1.662766032257981053e+01 1.662766032257981053e+01 -1.176572810736247442e-02
1.869788681440389411e+01 1.869788681440389766e+01 -1.696715970222045398e-03
1.662978234506826780e+01 2.077755170875751745e+01 3.403893560913233678e-03
1.870409650787198075e+01 2.286815747005019261e+01 1.404252994979508090e-02
2.076326519634688950e+01 2.450279056170610176e-02 2.450279056170642442e-02
2.285769720943829597e+01 2.118934803653123922e+00 2.450279056170678524e-02
2.077091103953157614e+01 4.184036063504885661e+00 8.152402179382615965e-03
2.287107687007960166e+01 6.249983035210475713e+00 1.112312992041396449e-02
2.078030772735790066e+01 8.326685271917797948e+00 1.308478210013443773e-03
2.287339836880031640e+01 1.040233632626092231e+01 8.801631199654481180e-03
2.078165363618123962e+01 1.247947542399072596e+01 3.709072687599536009e-04
2.287272473105857529e+01 1.455691685875201458e+01 9.475268941437233958e-03
2.077755170875751745e+01 1.662978234506827135e+01 3.403893560914168694e-03
2.286815747005019261e+01 1.870409650787198430e+01 1.404252994979734125e-02
2.076329062536843750e+01 2.076329062536843750e+01 1.839388489600300020e-02
2.284306362370568166e+01 2.284306362370568522e+01 3.913637629427195452e-02
2.102857281148565516e+00 1.662615053261728448e+01 2.102857281148565516e+00
8.152402179377550573e-03 1.869816393649514552e+01 2.111288960468432840e+00
1.455551472808219060e+01 1.308478210012497698e-03 2.101892272642087889e+00
1.247888351723367606e+01 2.098212355339501567e+00 2.098212355339501567e+00
6.251939684681949494e+00 1.247822545186404142e+01 2.086056298544251675e+00
4.177718956147880469e+00 1.455249562721204981e+01 2.093697658991414023e+00
1.455249562721205336e+01 4.177718956147881357e+00 2.093697658991414023e+00
1.247822545186404319e+01 6.251939684681949494e+00 2.086056298544252119e+00
2.099518880851918734e+00 8.328242695562398268e+00 2.099518880851918290e+00
3.709072687541415726e-04 1.040272457600927503e+01 2.100546363818760032e+00
1.455341064955539387e+01 8.328789350444601780e+00 2.084109458247353164e+00
1.247874312925006635e+01 1.040345687074993108e+01 2.080478481565493531e+00
6.255542350847055566e+00 1.662665764915292854e+01 2.091468520916022200e+00
4.184240092289448043e+00 1.869795990771054406e+01 2.102483008960081445e+00
1.455423721483222366e+01 1.247843199558582583e+01 2.082296850565664048e+00
1.247843199558582583e+01 1.455423721483222366e+01 2.082296850565663604e+00
2.113003840412254419e+00 2.076919615958777854e+01 2.113003840412254419e+00
2.450279056170646952e-02 2.285769720943829597e+01 2.118934803653123478e+00
1.455240514788961903e+01 1.662867628858637659e+01 2.087835889074856954e+00
1.247855440456305409e+01 1.870632771429847452e+01 2.092010821452261915e+00
6.256049467382711171e+00 2.077934271885144213e+01 2.102857281148567736e+00
4.184036063504885661e+00 2.287404759782067387e+01 2.111288960468435061e+00
1.455395730443759383e+01 2.078268111914808358e+01 2.099518880851920066e+00
1.247947542399071708e+01 2.288182909273125887e+01 2.100546363818760476e+00
2.108393345363844151e+00 4.186650960637403607e+00 2.108393345363843707e+00
3.403893560913199851e-03 6.252417654931707425e+00 2.104648291242475544e+00
1.869816393649514552e+01 8.152402179377959968e-03 2.111288960468433284e+00
1.662615053261728448e+01 2.102857281148565960e+00 2.102857281148565960e+00
1.040272457600927680e+01 3.709072687547858597e-04 2.100546363818760476e+00
8.328242695562401821e+00 2.099518880851919178e+00 2.099518880851919178e+00
1.869795990771054406e+01 4.184240092289448043e+00 2.102483008960081889e+00
1.662665764915293209e+01 6.255542350847057342e+00 2.091468520916022200e+00
6.252417654931710089e+00 3.403893560914228542e-03 2.104648291242476432e+00
4.186650960637404495e+00 2.108393345363844151e+00 2.108393345363843707e+00
1.870448104385211963e+01 8.329704372787940514e+00 2.093697658991417132e+00
1.663026031531805771e+01 1.040397454813595424e+01 2.086056298544251675e+00
1.040364559543694334e+01 4.175872285701526465e+00 2.092010821452261915e+00
8.329794852110374848e+00 6.253523711413627062e+00 2.087835889074858287e+00
1.870632771429847452e+01 1.247855440456305587e+01 2.092010821452262803e+00
1.662867628858637659e+01 1.455240514788962258e+01 2.087835889074857842e+00
2.098212355339500679e+00 1.247888351723367428e+01 2.098212355339501123e+00
1.308478210012159427e-03 1.455551472808219060e+01 2.101892272642087889e+00
1.870112008730938058e+01 1.662513650910356233e+01 2.097103885791898215e+00
1.662513650910355878e+01 1.870112008730938058e+01 2.097103885791897326e+00
1.040376800441417160e+01 8.327962785167773774e+00 2.082296850565664048e+00
8.327962785167773774e+00 1.040376800441417160e+01 2.082296850565663604e+00
1.869554903936259294e+01 2.077380665463614662e+01 2.108393345363839266e+00
1.662978234506827491e+01 2.287879610643906858e+01 2.104648291242479097e+00
6.257063490896428881e+00 4.181079912690606193e+00 2.097103885791900879e+00
4.181079912690606193e+00 6.257063490896427105e+00 2.097103885791900435e+00
2.285769720943829597e+01 2.450279056170670891e-02 2.118934803653123922e+00
2.076919615958777854e+01 2.113003840412254863e+00 2.113003840412254863e+00
1.040345687074993108e+01 1.247874312925006635e+01 2.080478481565493087e+00
8.328789350444601780e+00 1.455341064955539387e+01 2.084109458247352720e+00
2.287404759782067387e+01 4.184036063504886549e+00 2.111288960468434617e+00
2.077934271885144213e+01 6.256049467382712059e+00 2.102857281148567736e+00
1.839388489601651022e-02 2.118909374631549269e+00 2.118909374631549269e+00
2.118909374631550602e+00 1.839388489601641655e-02 2.118909374631549269e+00
2.288089152178998020e+01 8.326685271917810383e+00 2.101892272642089221e+00
2.078398764466050963e+01 1.040331648276632315e+01 2.098212355339505120e+00
1.040397454813595424e+01 1.663026031531805771e+01 2.086056298544250787e+00
8.329704372787940514e+00 1.870448104385211963e+01 2.093697658991416688e+00
2.288182909273125887e+01 1.247947542399072063e+01 2.100546363818761808e+00
2.078268111914808358e+01 1.455395730443759561e+01 2.099518880851920510e+00
6.253523711413627062e+00 8.329794852110374848e+00 2.087835889074858287e+00
4.175872285701525577e+00 1.040364559543694156e+01 2.092010821452261471e+00
2.287879610643906858e+01 1.662978234506827846e+01 2.104648291242479985e+00
2.077380665463614307e+01 1.869554903936259649e+01 2.108393345363839710e+00
1.040331648276632137e+01 2.078398764466050963e+01 2.098212355339504676e+00
8.326685271917808606e+00 2.288089152178998376e+01 2.101892272642089221e+00
2.286380611510395511e+01 2.076329062536844461e+01 2.118909374631540832e+00
2.076329062536844106e+01 2.286380611510395511e+01 2.118909374631539944e+00
4.178630436879446464e+00 1.662515604419463955e+01 4.178630436879446464e+00
6.257043955805344559e+00 1.870356956312055985e+01 4.178630436879445575e+00
-1.696715970215136428e-03 4.184313185596083784e+00 4.184313185596083784e+00
2.097103885791900879e+00 6.257063490896427105e+00 4.181079912690605305e+00
1.662721367457571020e+01 -6.470018554686944069e-03 4.179428495827703927e+00
1.869795990771054406e+01 2.102483008960082334e+00 4.184240092289448931e+00
8.330138784992016099e+00 1.662878405512019953e+01 4.171575560679987582e+00
1.040417469316402865e+01 1.870847008039098469e+01 4.173729919609009187e+00
4.182432800136724360e+00 4.182432800136723472e+00 4.182432800136723472e+00
6.255627224013109000e+00 6.255627224013109000e+00 4.174927699041833584e+00
1.662515604419463955e+01 4.178630436879447352e+00 4.178630436879447352e+00
1.870356956312055985e+01 6.257043955805344559e+00 4.178630436879445575e+00
4.184240092289446267e+00 2.077971699103994041e+01 4.184240092289446267e+00
6.254986325424286342e+00 2.288867001855468430e+01 4.179428495827715473e+00
8.329704372787944067e+00 2.078850234100858074e+01 4.177718956147884022e+00
1.040318036572103111e+01 2.289263133435902731e+01 4.173481587616449495e+00
1.662878405512019953e+01 8.330138784992017875e+00 4.171575560679987582e+00
1.870847008039098469e+01 1.040417469316403043e+01 4.173729919609009187e+00
-1.043133435902496298e-02 1.247901963427896632e+01 4.173481587616445054e+00
2.093697658991413579e+00 1.455249562721205159e+01 4.177718956147880469e+00
8.152402179382399125e-03 2.077091103953157614e+01 4.184036063504885661e+00
2.111288960468433729e+00 2.287404759782067387e+01 4.184036063504887437e+00
1.663016314472645618e+01 1.247805683575330704e+01 4.169823997254974657e+00
1.870671026729496944e+01 1.455172300194171520e+01 4.175489732705013779e+00
1.247901963427896810e+01 -1.043133435902440613e-02 4.173481587616445943e+00
1.455249562721205159e+01 2.093697658991414023e+00 4.177718956147881357e+00
8.327789982180371808e+00 -9.329412003055882405e-03 4.175206713025252370e+00
1.040364559543694334e+01 2.092010821452262359e+00 4.175872285701526465e+00
1.662657277598689376e+01 1.662657277598689731e+01 4.174927699041835361e+00
1.869976719986328106e+01 1.869976719986328106e+01 4.182432800136720807e+00
4.175489732705015555e+00 8.330476998058282234e+00 4.175489732705015555e+00
6.252036855273535032e+00 1.040414316424669039e+01 4.169823997254971104e+00
1.247802530683596700e+01 4.173729919609008299e+00 4.173729919609009187e+00
1.455206121500797423e+01 6.253415944879797905e+00 4.171575560679987582e+00
1.662513650910356233e+01 2.078509611420808412e+01 4.181079912690604417e+00
1.869788681440390476e+01 2.288389671597020936e+01 4.184313185596087337e+00
-9.329412003056631805e-03 8.327789982180370032e+00 4.175206713025251481e+00
2.092010821452261471e+00 1.040364559543694156e+01 4.175872285701525577e+00
8.330476998058282234e+00 4.175489732705016444e+00 4.175489732705015555e+00
1.040414316424669039e+01 6.252036855273535032e+00 4.169823997254971992e+00
2.077091103953157614e+01 8.152402179382803316e-03 4.184036063504885661e+00
2.287404759782067387e+01 2.111288960468435061e+00 4.184036063504885661e+00
1.247832315807967696e+01 8.328350430112774205e+00 4.166435294181269455e+00
1.455384956988722323e+01 1.040387684192032047e+01 4.166435294181269455e+00
2.108393345363844151e+00 2.108393345363843707e+00 4.186650960637403607e+00
1.404252994980360186e-02 1.404252994980294787e-02 4.178103492127986485e+00
2.077971699103994041e+01 4.184240092289446267e+00 4.184240092289446267e+00
2.288867001855468786e+01 6.254986325424287230e+00 4.179428495827715473e+00
4.173729919609008299e+00 1.247802530683596522e+01 4.173729919609007410e+00
6.253415944879797017e+00 1.455206121500797245e+01 4.171575560679987582e+00
1.247854465074549779e+01 1.247854465074549779e+01 4.164644090895622597e+00
1.455299111355942188e+01 1.455299111355942365e+01 4.168233654375606001e+00
2.078850234100858074e+01 8.329704372787945843e+00 4.177718956147884022e+00
2.289263133435902731e+01 1.040318036572103289e+01 4.173481587616449495e+00
8.329208886440577331e+00 8.329208886440577331e+00 4.168233654375606001e+00
1.040365534925449964e+01 1.040365534925449964e+01 4.164644090895622597e+00
4.184313185596085560e+00 -1.696715970214640080e-03 4.184313185596084672e+00
6.257063490896428881e+00 2.097103885791901323e+00 4.181079912690605305e+00
2.079018917854772042e+01 1.247855440456305409e+01 4.175872285701523801e+00
2.289152941200302749e+01 1.455441001781962385e+01 4.175206713025255034e+00
1.247805683575330526e+01 1.663016314472645618e+01 4.169823997254973769e+00
1.455172300194171342e+01 1.870671026729496944e+01 4.175489732705014667e+00
-6.470018554687159175e-03 1.662721367457571020e+01 4.179428495827704815e+00
2.102483008960081889e+00 1.869795990771054406e+01 4.184240092289448931e+00
2.078509611420808412e+01 1.662513650910356588e+01 4.181079912690604417e+00
2.288389671597020580e+01 1.869788681440390832e+01 4.184313185596087337e+00
8.328350430112774205e+00 1.247832315807967696e+01 4.166435294181268567e+00
1.040387684192032047e+01 1.455384956988722323e+01 4.166435294181268567e+00
1.247855440456305232e+01 2.079018917854772042e+01 4.175872285701523801e+00
1.455441001781962207e+01 2.289152941200302749e+01 4.175206713025253258e+00
2.077380665463614307e+01 2.077380665463614662e+01 4.186650960637403607e+00
2.286815747005019261e+01 2.286815747005019617e+01 4.178103492127974050e+00
6.251635050509871228e+00 8.329683727612129829e+00 6.251635050509871228e+00
4.169823997254971104e+00 1.040414316424669039e+01 6.252036855273535032e+00
6.255542350847059119e+00 2.079073147908397345e+01 6.255542350847060007e+00
4.179428495827715473e+00 2.288867001855468786e+01 6.254986325424286342e+00
1.455361116631055829e+01 8.328588833689435589e+00 6.249374255741697581e+00
1.247866285896140681e+01 1.040353714103859062e+01 6.246550853772459000e+00
1.871237600274502100e+01 1.247805683575330526e+01 6.252036855273537697e+00
1.663056494949012176e+01 1.455251627238786760e+01 6.251635050509875668e+00
1.040353714103859062e+01 1.247866285896140681e+01 6.246550853772458112e+00
8.328588833689435589e+00 1.455361116631055829e+01 6.249374255741697581e+00
6.254539677420167365e+00 -1.176572810735747668e-02 6.254539677420166477e+00
4.181079912690607081e+00 2.097103885791900879e+00 6.257063490896427105e+00
2.097103885791900879e+00 4.181079912690605305e+00 6.257063490896427105e+00
-1.176572810735843945e-02 6.254539677420165589e+00 6.254539677420165589e+00
1.870727230095815941e+01 1.662657277598689731e+01 6.255627224013109000e+00
1.662657277598689376e+01 1.870727230095815941e+01 6.255627224013109000e+00
1.455438886528837195e+01 1.247839327316839864e+01 6.247977180035504396e+00
1.247839327316839864e+01 1.455438886528837372e+01 6.247977180035503508e+00
3.403893560913529882e-03 2.104648291242475544e+00 6.252417654931708313e+00
2.104648291242476432e+00 3.403893560913406283e-03 6.252417654931708313e+00
1.040405822199096164e+01 1.663199915426923425e+01 6.250200845730759625e+00
8.330138784992017875e+00 1.871062443932000008e+01 6.253415944879798793e+00
1.870112008730938058e+01 2.078509611420808767e+01 6.257063490896428881e+00
1.662766032257981408e+01 2.289396572810733943e+01 6.254539677420170918e+00
1.040334406273191981e+01 -1.636073492042456126e-02 6.249495091155241155e+00
8.329794852110374848e+00 2.087835889074858287e+00 6.253523711413626174e+00
1.455251627238786583e+01 1.663056494949012176e+01 6.251635050509876557e+00
1.247805683575330349e+01 1.871237600274502100e+01 6.252036855273536808e+00
6.250200845730756960e+00 1.247814177800903224e+01 6.250200845730757848e+00
4.171575560679986694e+00 1.455206121500797245e+01 6.253415944879797017e+00
2.287107687007960166e+01 1.112312992041342326e-02 6.249983035210474824e+00
2.077934271885144568e+01 2.102857281148568180e+00 6.256049467382712059e+00
2.102857281148568180e+00 2.077934271885144213e+01 6.256049467382712059e+00
1.112312992041147690e-02 2.287107687007959811e+01 6.249983035210475713e+00
1.040397454813595424e+01 2.079614370145574753e+01 6.251939684681951270e+00
8.328574802957696477e+00 2.289705348510035421e+01 6.251531107359943107e+00
1.455240514788962081e+01 2.079436411092511605e+01 6.253523711413626174e+00
1.247885593726807940e+01 2.289856073492041233e+01 6.249495091155239379e+00
2.288867001855468786e+01 4.179428495827716361e+00 6.254986325424286342e+00
2.079073147908397345e+01 6.255542350847060007e+00 6.255542350847060007e+00
6.255627224013109888e+00 4.174927699041834472e+00 6.255627224013108112e+00
4.174927699041834472e+00 6.255627224013108112e+00 6.255627224013108112e+00
1.040414316424669039e+01 4.169823997254971992e+00 6.252036855273535920e+00
8.329683727612129829e+00 6.251635050509872116e+00 6.251635050509872116e+00
2.087835889074857842e+00 8.329794852110373071e+00 6.253523711413625286e+00
-1.636073492042496719e-02 1.040334406273191803e+01 6.249495091155239379e+00
2.289705348510035066e+01 8.328574802957698253e+00 6.251531107359943107e+00
2.079614370145574398e+01 1.040397454813595601e+01 6.251939684681952158e+00
1.870277150417228640e+01 -6.470018554682451135e-03 6.254986325424273019e+00
1.662665764915292854e+01 2.091468520916022200e+00 6.255542350847056454e+00
1.455362519704230451e+01 -1.485348510036611433e-02 6.251531107359939554e+00
1.247822545186404319e+01 2.086056298544251675e+00 6.251939684681950382e+00
6.253751629744538576e+00 1.662844837025545175e+01 6.253751629744539464e+00
4.178630436879445575e+00 1.870356956312055985e+01 6.257043955805345448e+00
2.289856073492040878e+01 1.247885593726808118e+01 6.249495091155241155e+00
2.079436411092511250e+01 1.455240514788962258e+01 6.253523711413626174e+00
2.091468520916021756e+00 1.662665764915292854e+01 6.255542350847056454e+00
-6.470018554682873541e-03 1.870277150417228640e+01 6.254986325424273019e+00
1.870356956312055985e+01 4.178630436879445575e+00 6.257043955805344559e+00
1.662844837025545175e+01 6.253751629744538576e+00 6.253751629744538576e+00
1.040380672683159879e+01 8.327811134711627261e+00 6.247977180035501732e+00
8.327811134711627261e+00 1.040380672683159879e+01 6.247977180035501732e+00
2.289396572810733943e+01 1.662766032257981763e+01 6.254539677420171806e+00
2.078509611420808767e+01 1.870112008730938413e+01 6.257063490896428881e+00
1.455206121500797245e+01 4.171575560679987582e+00 6.253415944879797905e+00
1.247814177800903224e+01 6.250200845730757848e+00 6.250200845730758736e+00
2.086056298544251675e+00 1.247822545186404142e+01 6.251939684681948606e+00
-1.485348510036634505e-02 1.455362519704230273e+01 6.251531107359938666e+00
1.871062443932000008e+01 8.330138784992019652e+00 6.253415944879797905e+00
1.663199915426923425e+01 1.040405822199096342e+01 6.250200845730759625e+00
2.287879610643906503e+01 2.077755170875752100e+01 6.252417654931705648e+00
2.077755170875751745e+01 2.287879610643906858e+01 6.252417654931705648e+00
1.663056494949012176e+01 1.663056494949012176e+01 8.329683727612135158e+00
1.870671026729497299e+01 1.870671026729497299e+01 8.330476998058285787e+00
4.175489732705016444e+00 4.175489732705015555e+00 8.330476998058282234e+00
6.251635050509872116e+00 6.251635050509871228e+00 8.329683727612129829e+00
1.247877128774564426e+01 -2.001684609942371018e-02 8.326660762093808898e+00
1.455341064955539387e+01 2.084109458247352720e+00 8.328789350444601780e+00
4.166435294181268567e+00 1.247832315807967696e+01 8.328350430112774205e+00
6.249374255741698470e+00 1.455361116631055829e+01 8.328588833689435589e+00
1.247843199558582228e+01 2.079990314943434271e+01 8.327962785167777326e+00
1.455422151893909799e+01 2.290057316608517013e+01 8.327978481060902993e+00
1.662867628858637659e+01 2.079436411092511605e+01 8.329794852110380177e+00
1.870699328697475394e+01 2.289152941200302749e+01 8.327789982180370032e+00
-1.837316608518701697e-02 8.327978481060899441e+00 8.327978481060899441e+00
2.082296850565663604e+00 1.040376800441416982e+01 8.327962785167771997e+00
2.099518880851919178e+00 2.099518880851919178e+00 8.328242695562398268e+00
9.475268941432943987e-03 9.475268941432362854e-03 8.325283141247982854e+00
8.326714731378199730e+00 1.247871168430581257e+01 8.326714731378197953e+00
1.040348831569418309e+01 1.455548526862179770e+01 8.326714731378199730e+00
1.247832315807967696e+01 4.166435294181268567e+00 8.328350430112775982e+00
1.455361116631055829e+01 6.249374255741696693e+00 8.328588833689435589e+00
2.078030772735790066e+01 1.308478210013834520e-03 8.326685271917797948e+00
2.288089152178998376e+01 2.101892272642090109e+00 8.326685271917810383e+00
1.663066889264006321e+01 -1.485348510036510299e-02 8.328574802957696477e+00
1.870448104385211963e+01 2.093697658991417132e+00 8.329704372787940514e+00
8.327978481060901217e+00 -1.837316608518642716e-02 8.327978481060901217e+00
1.040376800441417160e+01 2.082296850565663604e+00 8.327962785167773774e+00
4.175206713025252370e+00 -9.329412003056179042e-03 8.327789982180370032e+00
6.253523711413626174e+00 2.087835889074858287e+00 8.329794852110374848e+00
-2.001684609942366855e-02 1.247877128774564248e+01 8.326660762093807122e+00
2.084109458247352276e+00 1.455341064955539210e+01 8.328789350444601780e+00
2.078850234100858074e+01 4.177718956147884022e+00 8.329704372787944067e+00
2.289705348510035066e+01 6.251531107359943995e+00 8.328574802957698253e+00
4.171575560679986694e+00 1.662878405512019597e+01 8.330138784992017875e+00
6.253415944879797017e+00 1.871062443932000008e+01 8.330138784992019652e+00
1.662878405512019953e+01 4.171575560679987582e+00 8.330138784992016099e+00
1.871062443932000008e+01 6.253415944879797905e+00 8.330138784992019652e+00
1.247871168430581434e+01 8.326714731378199730e+00 8.326714731378199730e+00
1.455548526862179770e+01 1.040348831569418309e+01 8.326714731378201506e+00
8.328588833689435589e+00 1.663282574425829097e+01 8.328588833689435589e+00
1.040387684192031870e+01 1.871576470581872798e+01 8.328350430112775982e+00
2.079809054175263583e+01 8.328789350444607109e+00 8.328789350444607109e+00
2.290221684609943509e+01 1.040342871225435317e+01 8.326660762093810675e+00
4.168233654375605113e+00 8.329208886440575554e+00 8.329208886440575554e+00
6.247977180035500844e+00 1.040380672683159702e+01 8.327811134711627261e+00
8.329208886440577331e+00 4.168233654375606001e+00 8.329208886440577331e+00
1.040380672683159879e+01 6.247977180035501732e+00 8.327811134711627261e+00
1.663282574425829097e+01 8.328588833689435589e+00 8.328588833689435589e+00
1.871576470581872442e+01 1.040387684192032047e+01 8.328350430112775982e+00
1.308478210013751253e-03 2.078030772735790066e+01 8.326685271917797948e+00
2.101892272642089221e+00 2.288089152178998376e+01 8.326685271917808606e+00
2.079990314943434271e+01 1.247843199558582228e+01 8.327962785167779103e+00
2.290057316608516658e+01 1.455422151893909977e+01 8.327978481060902993e+00
1.247894502631801039e+01 1.247894502631801039e+01 8.325905847599416987e+00
1.455465473083722117e+01 1.455465473083722294e+01 8.327545269162778041e+00
-1.485348510036516891e-02 1.663066889264006321e+01 8.328574802957696477e+00
2.093697658991417132e+00 1.870448104385211963e+01 8.329704372787940514e+00
8.328789350444607109e+00 2.079809054175263938e+01 8.328789350444607109e+00
1.040342871225435317e+01 2.290221684609943864e+01 8.326660762093808898e+00
1.663422281996449925e+01 1.247839327316839864e+01 8.327811134711629037e+00
1.871396634562439587e+01 1.455299111355942010e+01 8.329208886440580883e+00
2.079436411092511605e+01 1.662867628858638014e+01 8.329794852110380177e+00
2.289152941200302749e+01 1.870699328697475750e+01 8.327789982180370032e+00
-9.329412003056564151e-03 4.175206713025252370e+00 8.327789982180370032e+00
2.087835889074857842e+00 6.253523711413625286e+00 8.329794852110373071e+00
4.177718956147884022e+00 2.078850234100858074e+01 8.329704372787944067e+00
6.251531107359942219e+00 2.289705348510035421e+01 8.328574802957696477e+00
1.247839327316839686e+01 1.663422281996449925e+01 8.327811134711629037e+00
1.455299111355942010e+01 1.871396634562439587e+01 8.329208886440579107e+00
8.327545269162776265e+00 8.327545269162776265e+00 8.327545269162776265e+00
1.040325497368198704e+01 1.040325497368198704e+01 8.325905847599416987e+00
2.078268111914808358e+01 2.078268111914808358e+01 8.328242695562401821e+00
2.287272473105856818e+01 2.287272473105857173e+01 8.325283141247979302e+00
1.455548526862179770e+01 8.326714731378197953e+00 1.040348831569418309e+01
1.247920172635795488e+01 1.040299827364204255e+01 1.040299827364204432e+01
3.709072687544418966e-04 2.100546363818760920e+00 1.040272457600927503e+01
2.100546363818760476e+00 3.709072687547259033e-04 1.040272457600927503e+01
1.040325497368198704e+01 8.325905847599416987e+00 1.040325497368198704e+01
8.325905847599415210e+00 1.040325497368198704e+01 1.040325497368198704e+01
1.040345687074993108e+01 2.080172151843449413e+01 1.040345687074993286e+01
8.326660762093808898e+00 2.290221684609943864e+01 1.040342871225435317e+01
6.247977180035501732e+00 8.327811134711625485e+00 1.040380672683159879e+01
4.164644090895620820e+00 1.040365534925449786e+01 1.040365534925449964e+01
2.287339836880031640e+01 8.801631199654788226e-03 1.040233632626092053e+01
2.078398764466050963e+01 2.098212355339505120e+00 1.040331648276632137e+01
1.870847008039098469e+01 4.173729919609008299e+00 1.040417469316403043e+01
1.663199915426923425e+01 6.250200845730758736e+00 1.040405822199096342e+01
2.080478481565493087e+00 1.247874312925006457e+01 1.040345687074993108e+01
-2.001684609942368243e-02 1.455553923790619031e+01 1.040342871225435317e+01
1.455629415240058222e+01 1.247894502631801217e+01 1.040325497368198704e+01
1.247894502631801217e+01 1.455629415240058400e+01 1.040325497368198704e+01
1.040319265136450078e+01 -2.175170266388984711e-02 1.040319265136450255e+01
8.327962785167773774e+00 2.082296850565664048e+00 1.040376800441417160e+01
6.250200845730759625e+00 1.663199915426923425e+01 1.040405822199096342e+01
4.173729919609008299e+00 1.870847008039098469e+01 1.040417469316402865e+01
2.289263133435902731e+01 4.173481587616450383e+00 1.040318036572103289e+01
2.079614370145574398e+01 6.251939684681952158e+00 1.040397454813595601e+01
2.082296850565663160e+00 8.327962785167771997e+00 1.040376800441416982e+01
-2.175170266388985404e-02 1.040319265136450078e+01 1.040319265136450078e+01
1.871576470581872442e+01 8.328350430112775982e+00 1.040387684192031870e+01
1.663564914622754287e+01 1.040353714103858884e+01 1.040353714103859062e+01
1.455553923790619208e+01 -2.001684609942371018e-02 1.040342871225435495e+01
1.247874312925006635e+01 2.080478481565493087e+00 1.040345687074993108e+01
1.040299827364204255e+01 1.247920172635795488e+01 1.040299827364204255e+01
8.326714731378199730e+00 1.455548526862179770e+01 1.040348831569418309e+01
1.455438886528837372e+01 1.663422281996449925e+01 1.040380672683160057e+01
1.247854465074549779e+01 1.871755590910438016e+01 1.040365534925450142e+01
2.290221684609943509e+01 8.326660762093810675e+00 1.040342871225435495e+01
2.080172151843449413e+01 1.040345687074993108e+01 1.040345687074993286e+01
6.252036855273535920e+00 4.169823997254971104e+00 1.040414316424669039e+01
4.169823997254971104e+00 6.252036855273535032e+00 1.040414316424669039e+01
2.086056298544250787e+00 1.663026031531805771e+01 1.040397454813595424e+01
-1.043133435902194282e-02 1.870871841238355415e+01 1.040318036572103111e+01
1.871755590910438016e+01 1.247854465074549779e+01 1.040365534925450142e+01
1.663422281996449925e+01 1.455438886528837372e+01 1.040380672683160057e+01
6.249495091155240267e+00 -1.636073492042475555e-02 1.040334406273191981e+01
4.175872285701525577e+00 2.092010821452261915e+00 1.040364559543694156e+01
1.040365534925449964e+01 4.164644090895622597e+00 1.040365534925450142e+01
8.327811134711627261e+00 6.247977180035501732e+00 1.040380672683159879e+01
2.290395170266389258e+01 1.247900734863549310e+01 1.040319265136450788e+01
2.079990314943434271e+01 1.455423721483222188e+01 1.040376800441417693e+01
1.455384956988722323e+01 4.166435294181268567e+00 1.040387684192032047e+01
1.247866285896140681e+01 6.246550853772458112e+00 1.040353714103859062e+01
1.455423721483222010e+01 2.079990314943434271e+01 1.040376800441417693e+01
1.247900734863549133e+01 2.290395170266389258e+01 1.040319265136450610e+01
6.246550853772457224e+00 1.247866285896140681e+01 1.040353714103859062e+01
4.166435294181268567e+00 1.455384956988722323e+01 1.040387684192032047e+01
1.871237600274502100e+01 1.663016314472645618e+01 1.040414316424669572e+01
1.663016314472645618e+01 1.871237600274502100e+01 1.040414316424669749e+01
1.040353714103858884e+01 1.663564914622754642e+01 1.040353714103858884e+01
8.328350430112774205e+00 1.871576470581872798e+01 1.040387684192031870e+01
2.289856073492041588e+01 1.663270490884477226e+01 1.040334406273191981e+01
2.079018917854772042e+01 1.870632771429847807e+01 1.040364559543694511e+01
6.251939684681951270e+00 2.079614370145574753e+01 1.040397454813595424e+01
4.173481587616448607e+00 2.289263133435902731e+01 1.040318036572103289e+01
2.098212355339505120e+00 2.078398764466050963e+01 1.040331648276632137e+01
8.801631199654241788e-03 2.287339836880031640e+01 1.040233632626092053e+01
2.092010821452261915e+00 4.175872285701525577e+00 1.040364559543694156e+01
-1.636073492042504351e-02 6.249495091155240267e+00 1.040334406273191981e+01
1.870871841238355415e+01 -1.043133435902193762e-02 1.040318036572103111e+01
1.663026031531805771e+01 2.086056298544250787e+00 1.040397454813595424e+01
1.870632771429847807e+01 2.079018917854772042e+01 1.040364559543694511e+01
1.663270490884476871e+01 2.289856073492041588e+01 1.040334406273191803e+01
2.288182909273125532e+01 2.078165363618123962e+01 1.040272457600927325e+01
2.078165363618123607e+01 2.288182909273125887e+01 1.040272457600927325e+01
2.078165363618123962e+01 3.709072687603487384e-04 1.247947542399072773e+01
2.288182909273125887e+01 2.100546363818762252e+00 1.247947542399071885e+01
1.247866285896140859e+01 1.663564914622754642e+01 1.247866285896140859e+01
1.455384956988722323e+01 1.871576470581872798e+01 1.247832315807968051e+01
4.169823997254973769e+00 1.663016314472645618e+01 1.247805683575330526e+01
6.252036855273535920e+00 1.871237600274502455e+01 1.247805683575330349e+01
1.663422281996449925e+01 8.327811134711627261e+00 1.247839327316839864e+01
1.871755590910438016e+01 1.040365534925450142e+01 1.247854465074549957e+01
1.247854465074549779e+01 4.164644090895621709e+00 1.247854465074549957e+01
1.455438886528837195e+01 6.247977180035502620e+00 1.247839327316840041e+01
-2.175170266389013160e-02 1.247900734863549133e+01 1.247900734863549133e+01
2.082296850565663160e+00 1.455423721483222188e+01 1.247843199558582583e+01
8.326714731378199730e+00 8.326714731378197953e+00 1.247871168430581434e+01
1.040299827364204255e+01 1.040299827364204255e+01 1.247920172635795488e+01
2.079018917854772042e+01 4.175872285701523801e+00 1.247855440456305232e+01
2.289856073492040878e+01 6.249495091155242044e+00 1.247885593726808118e+01
8.326660762093807122e+00 -2.001684609942379345e-02 1.247877128774564426e+01
1.040345687074993108e+01 2.080478481565492643e+00 1.247874312925006635e+01
2.098212355339501123e+00 2.098212355339501123e+00 1.247888351723367428e+01
8.801631199662474786e-03 8.801631199663753277e-03 1.247986367373907335e+01
1.247874312925006635e+01 2.080172151843449413e+01 1.247874312925006635e+01
1.455553923790619208e+01 2.290221684609943864e+01 1.247877128774564426e+01
1.663564914622754642e+01 1.247866285896140859e+01 1.247866285896140859e+01
1.871576470581872798e+01 1.455384956988722323e+01 1.247832315807967873e+01
-1.043133435902497859e-02 4.173481587616445054e+00 1.247901963427896632e+01
2.086056298544250787e+00 6.251939684681948606e+00 1.247822545186404142e+01
8.327962785167777326e+00 2.079990314943434271e+01 1.247843199558582228e+01
1.040319265136450610e+01 2.290395170266389258e+01 1.247900734863549310e+01
2.079990314943433916e+01 8.327962785167779103e+00 1.247843199558582228e+01
2.290395170266389258e+01 1.040319265136450610e+01 1.247900734863549488e+01
1.247894502631800862e+01 8.325905847599415210e+00 1.247894502631801039e+01
1.455629415240058222e+01 1.040325497368198526e+01 1.247894502631801217e+01
4.164644090895622597e+00 1.247854465074549601e+01 1.247854465074549779e+01
6.247977180035504396e+00 1.455438886528837195e+01 1.247839327316839864e+01
-1.636073492042615721e-02 1.663270490884476516e+01 1.247885593726807585e+01
2.092010821452261915e+00 1.870632771429847452e+01 1.247855440456305409e+01
-2.001684609942433121e-02 8.326660762093807122e+00 1.247877128774564248e+01
2.080478481565492643e+00 1.040345687074992931e+01 1.247874312925006635e+01
1.663199915426923425e+01 1.663199915426923425e+01 1.247814177800903401e+01
1.870847008039098824e+01 1.870847008039098824e+01 1.247802530683597233e+01
1.663270490884476871e+01 -1.636073492042640701e-02 1.247885593726807762e+01
1.870632771429847452e+01 2.092010821452262359e+00 1.247855440456305409e+01
2.080172151843449413e+01 1.247874312925006635e+01 1.247874312925006812e+01
2.290221684609943864e+01 1.455553923790619031e+01 1.247877128774564603e+01
8.325905847599415210e+00 1.247894502631800862e+01 1.247894502631801039e+01
1.040325497368198526e+01 1.455629415240058400e+01 1.247894502631801217e+01
4.175872285701522912e+00 2.079018917854772042e+01 1.247855440456305232e+01
6.249495091155239379e+00 2.289856073492041233e+01 1.247885593726808118e+01
8.328350430112774205e+00 4.166435294181268567e+00 1.247832315807967873e+01
1.040353714103859062e+01 6.246550853772457224e+00 1.247866285896140859e+01
1.247920172635795488e+01 1.247920172635795488e+01 1.247920172635795666e+01
1.455548526862179770e+01 1.455548526862179770e+01 1.247871168430581434e+01
1.247900734863549310e+01 -2.175170266389013507e-02 1.247900734863549310e+01
1.455423721483222366e+01 2.082296850565662716e+00 1.247843199558582761e+01
1.663026031531805771e+01 2.079614370145574753e+01 1.247822545186404675e+01
1.870871841238355060e+01 2.289263133435902375e+01 1.247901963427896632e+01
2.079614370145574753e+01 1.663026031531805771e+01 1.247822545186404497e+01
2.289263133435902375e+01 1.870871841238355415e+01 1.247901963427896632e+01
4.166435294181267679e+00 8.328350430112774205e+00 1.247832315807967696e+01
6.246550853772457224e+00 1.040353714103858884e+01 1.247866285896140681e+01
1.663016314472645618e+01 4.169823997254972880e+00 1.247805683575330704e+01
1.871237600274502100e+01 6.252036855273536808e+00 1.247805683575330526e+01
3.709072687598108657e-04 2.078165363618123962e+01 1.247947542399072773e+01
2.100546363818760920e+00 2.288182909273125887e+01 1.247947542399071885e+01
4.173729919609008299e+00 4.173729919609008299e+00 1.247802530683596522e+01
6.250200845730757848e+00 6.250200845730756960e+00 1.247814177800903224e+01
4.173481587616445054e+00 -1.043133435902466287e-02 1.247901963427896632e+01
6.251939684681948606e+00 2.086056298544251675e+00 1.247822545186404142e+01
8.327811134711627261e+00 1.663422281996450280e+01 1.247839327316839864e+01
1.040365534925449964e+01 1.871755590910438016e+01 1.247854465074549779e+01
2.078398764466050963e+01 2.078398764466050963e+01 1.247888351723367606e+01
2.287339836880032706e+01 2.287339836880032706e+01 1.247986367373907690e+01
2.084109458247351832e+00 8.328789350444600004e+00 1.455341064955539387e+01
-2.001684609942414733e-02 1.040342871225435317e+01 1.455553923790619208e+01
6.247977180035503508e+00 1.247839327316839864e+01 1.455438886528837195e+01
4.168233654375606001e+00 1.455299111355942188e+01 1.455299111355942188e+01
1.871576470581872798e+01 1.247832315807967873e+01 1.455384956988722323e+01
1.663282574425829097e+01 1.455361116631056007e+01 1.455361116631056007e+01
2.289152941200302749e+01 4.175206713025255034e+00 1.455441001781962207e+01
2.079436411092511250e+01 6.253523711413626174e+00 1.455240514788962258e+01
1.455422151893909088e+01 -1.837316608518746452e-02 1.455422151893909088e+01
1.247843199558582583e+01 2.082296850565662716e+00 1.455423721483222366e+01
1.040342871225435317e+01 -2.001684609942429305e-02 1.455553923790619208e+01
8.328789350444601780e+00 2.084109458247351832e+00 1.455341064955539387e+01
6.251531107359938666e+00 -1.485348510036573616e-02 1.455362519704230273e+01
4.177718956147880469e+00 2.093697658991414468e+00 1.455249562721205159e+01
1.870699328697475750e+01 -9.329412003056099245e-03 1.455441001781962562e+01
1.662867628858637659e+01 2.087835889074856066e+00 1.455240514788962258e+01
1.455548526862179770e+01 1.247871168430581257e+01 1.455548526862179770e+01
1.247871168430581257e+01 1.455548526862179770e+01 1.455548526862179770e+01
1.040380672683159879e+01 1.663422281996449925e+01 1.455438886528837372e+01
8.329208886440579107e+00 1.871396634562439942e+01 1.455299111355942010e+01
1.040348831569418309e+01 8.326714731378199730e+00 1.455548526862179948e+01
8.326714731378199730e+00 1.040348831569418131e+01 1.455548526862179770e+01
2.290057316608516658e+01 8.327978481060902993e+00 1.455422151893910154e+01
2.079990314943434271e+01 1.040376800441417693e+01 1.455423721483222366e+01
1.871062443932000008e+01 1.662878405512020308e+01 1.455206121500797778e+01
1.662878405512020308e+01 1.871062443932000008e+01 1.455206121500797956e+01
6.249374255741696693e+00 8.328588833689433812e+00 1.455361116631055829e+01
4.166435294181268567e+00 1.040387684192031870e+01 1.455384956988722323e+01
6.253415944879797017e+00 4.171575560679986694e+00 1.455206121500797423e+01
4.171575560679986694e+00 6.253415944879797017e+00 1.455206121500797245e+01
2.093697658991413579e+00 4.177718956147880469e+00 1.455249562721205159e+01
-1.485348510036666597e-02 6.251531107359938666e+00 1.455362519704230451e+01
1.455299111355942365e+01 4.168233654375604225e+00 1.455299111355942543e+01
1.247839327316839864e+01 6.247977180035502620e+00 1.455438886528837372e+01
1.870671026729496944e+01 4.175489732705013779e+00 1.455172300194171520e+01
1.663056494949012176e+01 6.251635050509874780e+00 1.455251627238786760e+01
6.253523711413625286e+00 2.079436411092511605e+01 1.455240514788962081e+01
4.175206713025252370e+00 2.289152941200302749e+01 1.455441001781962385e+01
2.290221684609943864e+01 1.247877128774564426e+01 1.455553923790619208e+01
2.079809054175264293e+01 1.455341064955539210e+01 1.455341064955539210e+01
1.455361116631056007e+01 1.663282574425829097e+01 1.455361116631056007e+01
1.247832315807967873e+01 1.871576470581872798e+01 1.455384956988722323e+01
1.870448104385211963e+01 2.078850234100858074e+01 1.455249562721205692e+01
1.663066889264005965e+01 2.289705348510035421e+01 1.455362519704230273e+01
2.087835889074856510e+00 1.662867628858637303e+01 1.455240514788962081e+01
-9.329412003056153022e-03 1.870699328697475394e+01 1.455441001781962562e+01
2.082296850565663160e+00 1.247843199558582583e+01 1.455423721483222188e+01
-1.837316608518798841e-02 1.455422151893908911e+01 1.455422151893908911e+01
1.040376800441417693e+01 2.079990314943434626e+01 1.455423721483222188e+01
8.327978481060902993e+00 2.290057316608517013e+01 1.455422151893909977e+01
1.040387684192032047e+01 4.166435294181267679e+00 1.455384956988722500e+01
8.328588833689433812e+00 6.249374255741696693e+00 1.455361116631056007e+01
1.040325497368198526e+01 1.247894502631801217e+01 1.455629415240058222e+01
8.327545269162776265e+00 1.455465473083722294e+01 1.455465473083722294e+01
2.289705348510035421e+01 1.663066889264005965e+01 1.455362519704230273e+01
2.078850234100858074e+01 1.870448104385211963e+01 1.455249562721205514e+01
1.871396634562439587e+01 8.329208886440579107e+00 1.455299111355942188e+01
1.663422281996449925e+01 1.040380672683159879e+01 1.455438886528837372e+01
1.308478210011856067e-03 2.101892272642087445e+00 1.455551472808219060e+01
2.101892272642086557e+00 1.308478210012385592e-03 1.455551472808218882e+01
2.287272473105857529e+01 9.475268941438552348e-03 1.455691685875201458e+01
2.078268111914808358e+01 2.099518880851921399e+00 1.455395730443759561e+01
1.455465473083722294e+01 8.327545269162776265e+00 1.455465473083722294e+01
1.247894502631801217e+01 1.040325497368198526e+01 1.455629415240058222e+01
1.455341064955539210e+01 2.079809054175264293e+01 1.455341064955539210e+01
1.247877128774564426e+01 2.290221684609943864e+01 1.455553923790619031e+01
6.251635050509875668e+00 1.663056494949012176e+01 1.455251627238786583e+01
4.175489732705013779e+00 1.870671026729496944e+01 1.455172300194171342e+01
2.099518880851920066e+00 2.078268111914808358e+01 1.455395730443759561e+01
9.475268941437502840e-03 2.287272473105857529e+01 1.455691685875201635e+01
2.288089152178998020e+01 2.078030772735790777e+01 1.455551472808219593e+01
2.078030772735790421e+01 2.288089152178998376e+01 1.455551472808219593e+01
8.329794852110378400e+00 2.079436411092511605e+01 1.662867628858638014e+01
1.040334406273191981e+01 2.289856073492041588e+01 1.663270490884477226e+01
2.102857281148565072e+00 2.102857281148565516e+00 1.662615053261728448e+01
1.112312992041739057e-02 1.112312992041766639e-02 1.663221696478953859e+01
-6.470018554687758522e-03 4.179428495827703927e+00 1.662721367457571020e+01
2.091468520916021312e+00 6.255542350847055566e+00 1.662665764915293209e+01
1.247814177800903401e+01 1.663199915426923425e+01 1.663199915426923425e+01
1.455206121500797778e+01 1.871062443932000008e+01 1.662878405512020308e+01
1.662844837025545530e+01 1.662844837025545530e+01 1.662844837025545530e+01
1.870356956312055985e+01 1.870356956312055985e+01 1.662515604419464665e+01
8.328574802957696477e+00 -1.485348510036552799e-02 1.663066889264006321e+01
1.040397454813595424e+01 2.086056298544250343e+00 1.663026031531805771e+01
1.662657277598689376e+01 4.174927699041834472e+00 1.662657277598689731e+01
1.870727230095815941e+01 6.255627224013107224e+00 1.662657277598689731e+01
3.403893560913677334e-03 2.077755170875751745e+01 1.662978234506827135e+01
2.104648291242479541e+00 2.287879610643906858e+01 1.662978234506827846e+01
2.079436411092511605e+01 8.329794852110378400e+00 1.662867628858638014e+01
2.289856073492041588e+01 1.040334406273191981e+01 1.663270490884477226e+01
-1.636073492042608435e-02 1.247885593726807585e+01 1.663270490884476516e+01
2.087835889074856954e+00 1.455240514788962081e+01 1.662867628858637303e+01
-1.176572810736363842e-02 1.662766032257980697e+01 1.662766032257981053e+01
2.097103885791897770e+00 1.870112008730938058e+01 1.662513650910356233e+01
1.247839327316839864e+01 8.327811134711627261e+00 1.663422281996449925e+01
1.455438886528837372e+01 1.040380672683159879e+01 1.663422281996449925e+01
8.328588833689433812e+00 8.328588833689435589e+00 1.663282574425829097e+01
1.040353714103858884e+01 1.040353714103858884e+01 1.663564914622754287e+01
4.181079912690603528e+00 2.078509611420808412e+01 1.662513650910356588e+01
6.254539677420170030e+00 2.289396572810733943e+01 1.662766032257981763e+01
1.662665764915292854e+01 2.079073147908396990e+01 1.662665764915293209e+01
1.870277150417228640e+01 2.288867001855468430e+01 1.662721367457571020e+01
1.247885593726807762e+01 -1.636073492042680252e-02 1.663270490884476871e+01
1.455240514788962081e+01 2.087835889074856066e+00 1.662867628858637659e+01
1.247822545186404497e+01 2.079614370145574753e+01 1.663026031531805771e+01
1.455362519704230095e+01 2.289705348510035421e+01 1.663066889264005965e+01
2.079614370145574753e+01 1.247822545186404497e+01 1.663026031531805771e+01
2.289705348510035421e+01 1.455362519704230095e+01 1.663066889264005965e+01
1.663056494949012176e+01 8.329683727612133382e+00 1.663056494949012176e+01
1.871237600274502100e+01 1.040414316424669572e+01 1.663016314472645618e+01
8.329683727612133382e+00 1.663056494949012176e+01 1.663056494949012176e+01
1.040414316424669572e+01 1.871237600274502100e+01 1.663016314472645618e+01
4.179428495827703038e+00 -6.470018554687404638e-03 1.662721367457570665e+01
6.255542350847055566e+00 2.091468520916021312e+00 1.662665764915293209e+01
-1.485348510036588535e-02 8.328574802957696477e+00 1.663066889264006321e+01
2.086056298544250343e+00 1.040397454813595246e+01 1.663026031531805771e+01
4.174927699041835361e+00 1.662657277598689376e+01 1.662657277598689376e+01
6.255627224013107224e+00 1.870727230095815941e+01 1.662657277598689376e+01
4.178630436879446464e+00 4.178630436879446464e+00 1.662515604419463955e+01
6.253751629744537688e+00 6.253751629744537688e+00 1.662844837025545530e+01
2.077755170875752100e+01 3.403893560915486217e-03 1.662978234506827135e+01
2.287879610643906858e+01 2.104648291242481761e+00 1.662978234506827491e+01
1.247866285896140859e+01 1.247866285896140859e+01 1.663564914622754642e+01
1.455361116631056007e+01 1.455361116631056007e+01 1.663282574425829097e+01
2.079073147908396990e+01 1.662665764915292854e+01 1.662665764915293209e+01
2.288867001855468075e+01 1.870277150417228995e+01 1.662721367457571020e+01
8.330138784992016099e+00 4.171575560679986694e+00 1.662878405512019953e+01
1.040405822199096164e+01 6.250200845730758736e+00 1.663199915426923425e+01
4.169823997254972880e+00 1.247805683575330526e+01 1.663016314472645618e+01
6.251635050509874780e+00 1.455251627238786583e+01 1.663056494949012176e+01
1.663199915426923425e+01 1.247814177800903401e+01 1.663199915426923425e+01
1.871062443932000008e+01 1.455206121500797778e+01 1.662878405512020308e+01
1.662766032257981053e+01 -1.176572810736361933e-02 1.662766032257981053e+01
1.870112008730938058e+01 2.097103885791897770e+00 1.662513650910356233e+01
4.171575560679986694e+00 8.330138784992016099e+00 1.662878405512019953e+01
6.250200845730758736e+00 1.040405822199096164e+01 1.663199915426923425e+01
1.247805683575330526e+01 4.169823997254972880e+00 1.663016314472645618e+01
1.455251627238786583e+01 6.251635050509875668e+00 1.663056494949012176e+01
8.327811134711627261e+00 1.247839327316839864e+01 1.663422281996449925e+01
1.040380672683159879e+01 1.455438886528837372e+01 1.663422281996449925e+01
2.078509611420808412e+01 4.181079912690604417e+00 1.662513650910356588e+01
2.289396572810733943e+01 6.254539677420170918e+00 1.662766032257981763e+01
2.077934271885144213e+01 2.077934271885144568e+01 1.662615053261729159e+01
2.287107687007959811e+01 2.287107687007959456e+01 1.663221696478952794e+01
2.102483008960081445e+00 4.184240092289447155e+00 1.869795990771054761e+01
-6.470018554683622941e-03 6.254986325424272131e+00 1.870277150417228640e+01
1.040318036572103111e+01 -1.043133435902285008e-02 1.870871841238355415e+01
8.329704372787938738e+00 2.093697658991415800e+00 1.870448104385211963e+01
1.455249562721205514e+01 2.078850234100858074e+01 1.870448104385212318e+01
1.247901963427896632e+01 2.289263133435902375e+01 1.870871841238355415e+01
1.040365534925450142e+01 1.247854465074549779e+01 1.871755590910438016e+01
8.329208886440579107e+00 1.455299111355941832e+01 1.871396634562439587e+01
6.257043955805343671e+00 4.178630436879444687e+00 1.870356956312056340e+01
4.178630436879444687e+00 6.257043955805343671e+00 1.870356956312056340e+01
2.289152941200302394e+01 8.327789982180371808e+00 1.870699328697475750e+01
2.079018917854771686e+01 1.040364559543694511e+01 1.870632771429848162e+01
2.108393345363838822e+00 2.077380665463614307e+01 1.869554903936259649e+01
1.404252994979623796e-02 2.286815747005019261e+01 1.870409650787198430e+01
1.870671026729496944e+01 8.330476998058284011e+00 1.870671026729497299e+01
1.663016314472645618e+01 1.040414316424669572e+01 1.871237600274502100e+01
1.869795990771054761e+01 2.077971699103993330e+01 1.869795990771054761e+01
1.662721367457571020e+01 2.288867001855468430e+01 1.870277150417228995e+01
1.455384956988722323e+01 1.247832315807967873e+01 1.871576470581872798e+01
1.247832315807967873e+01 1.455384956988722323e+01 1.871576470581872798e+01
1.040364559543694511e+01 2.079018917854772042e+01 1.870632771429847807e+01
8.327789982180370032e+00 2.289152941200302749e+01 1.870699328697475750e+01
1.455172300194171342e+01 4.175489732705013779e+00 1.870671026729496944e+01
1.247805683575330349e+01 6.252036855273536808e+00 1.871237600274502100e+01
6.257063490896427993e+00 2.078509611420808767e+01 1.870112008730938413e+01
4.184313185596086448e+00 2.288389671597020580e+01 1.869788681440390832e+01
6.253415944879797905e+00 8.330138784992017875e+00 1.871062443932000008e+01
4.173729919609008299e+00 1.040417469316402865e+01 1.870847008039098469e+01
6.255627224013108112e+00 1.662657277598689376e+01 1.870727230095815585e+01
4.182432800136720807e+00 1.869976719986328106e+01 1.869976719986328106e+01
2.289263133435902375e+01 1.247901963427896632e+01 1.870871841238355415e+01
2.078850234100858074e+01 1.455249562721205514e+01 1.870448104385212318e+01
1.869788681440389766e+01 -1.696715970222003765e-03 1.869788681440389766e+01
1.662513650910356233e+01 2.097103885791897326e+00 1.870112008730938058e+01
1.040387684192031870e+01 8.328350430112775982e+00 1.871576470581872442e+01
8.328350430112775982e+00 1.040387684192031870e+01 1.871576470581872442e+01
6.252036855273535920e+00 1.247805683575330349e+01 1.871237600274502100e+01
4.175489732705012891e+00 1.455172300194171342e+01 1.870671026729496944e+01
2.286815747005019617e+01 1.404252994979951139e-02 1.870409650787198430e+01
2.077380665463614662e+01 2.108393345363840599e+00 1.869554903936259649e+01
1.870847008039098824e+01 1.247802530683597233e+01 1.870847008039098824e+01
1.662878405512020308e+01 1.455206121500797778e+01 1.871062443932000008e+01
2.097103885791896882e+00 1.662513650910355878e+01 1.870112008730938058e+01
-1.696715970222843371e-03 1.869788681440389411e+01 1.869788681440389411e+01
8.152402179377115157e-03 2.111288960468432840e+00 1.869816393649514552e+01
2.111288960468433284e+00 8.152402179377255670e-03 1.869816393649514552e+01
1.455206121500797778e+01 1.662878405512020308e+01 1.871062443932000008e+01
1.247802530683597055e+01 1.870847008039098824e+01 1.870847008039098824e+01
1.040414316424669572e+01 1.663016314472645618e+01 1.871237600274502100e+01
8.330476998058284011e+00 1.870671026729497299e+01 1.870671026729497299e+01
2.288867001855468075e+01 1.662721367457571020e+01 1.870277150417228995e+01
2.077971699103993330e+01 1.869795990771054761e+01 1.869795990771054761e+01
2.093697658991416244e+00 8.329704372787940514e+00 1.870448104385211963e+01
-1.043133435902231232e-02 1.040318036572103111e+01 1.870871841238355415e+01
1.455299111355942010e+01 8.329208886440579107e+00 1.871396634562439587e+01
1.247854465074549779e+01 1.040365534925449964e+01 1.871755590910438016e+01
1.455441001781962562e+01 -9.329412003056619662e-03 1.870699328697475750e+01
1.247855440456305409e+01 2.092010821452261471e+00 1.870632771429847452e+01
1.869976719986328106e+01 4.182432800136720807e+00 1.869976719986328462e+01
1.662657277598689376e+01 6.255627224013107224e+00 1.870727230095815941e+01
2.288389671597020580e+01 4.184313185596088225e+00 1.869788681440390832e+01
2.078509611420808767e+01 6.257063490896428881e+00 1.870112008730938413e+01
1.040417469316402865e+01 4.173729919609008299e+00 1.870847008039098824e+01
8.330138784992017875e+00 6.253415944879797905e+00 1.871062443932000008e+01
1.870356956312055985e+01 1.662515604419464665e+01 1.870356956312055985e+01
1.662515604419464665e+01 1.870356956312055985e+01 1.870356956312055985e+01
6.254986325424269467e+00 -6.470018554683563093e-03 1.870277150417228640e+01
4.184240092289447155e+00 2.102483008960081001e+00 1.869795990771054761e+01
2.092010821452261915e+00 1.247855440456305409e+01 1.870632771429847452e+01
-9.329412003055996896e-03 1.455441001781962207e+01 1.870699328697475750e+01
2.287404759782065966e+01 2.077091103953157258e+01 1.869816393649513131e+01
2.077091103953157258e+01 2.287404759782065966e+01 1.869816393649513131e+01
8.326685271917794395e+00 1.308478210013085770e-03 2.078030772735790066e+01
1.040331648276632137e+01 2.098212355339504231e+00 2.078398764466050963e+01
1.662615053261729159e+01 2.077934271885144568e+01 2.077934271885144213e+01
1.869816393649513131e+01 2.287404759782065966e+01 2.077091103953157258e+01
2.078268111914808003e+01 8.328242695562401821e+00 2.078268111914808713e+01
2.288182909273125176e+01 1.040272457600927147e+01 2.078165363618123962e+01
4.175872285701523801e+00 1.247855440456305054e+01 2.079018917854772042e+01
6.253523711413625286e+00 1.455240514788961903e+01 2.079436411092511250e+01
1.662978234506827135e+01 3.403893560913637002e-03 2.077755170875751745e+01
1.869554903936259649e+01 2.108393345363838822e+00 2.077380665463614662e+01
1.247947542399072773e+01 3.709072687593986521e-04 2.078165363618123962e+01
1.455395730443759561e+01 2.099518880851920066e+00 2.078268111914808358e+01
4.186650960637402719e+00 2.077380665463614662e+01 2.077380665463614662e+01
6.252417654931704760e+00 2.287879610643906858e+01 2.077755170875752100e+01
1.247822545186404497e+01 1.663026031531805771e+01 2.079614370145574753e+01
1.455249562721205514e+01 1.870448104385212318e+01 2.078850234100858074e+01
1.247843199558582228e+01 8.327962785167777326e+00 2.079990314943434271e+01
1.455423721483222010e+01 1.040376800441417693e+01 2.079990314943434271e+01
4.181079912690603528e+00 1.662513650910356233e+01 2.078509611420808056e+01
6.257063490896427105e+00 1.870112008730938058e+01 2.078509611420808412e+01
1.663026031531805771e+01 1.247822545186404497e+01 2.079614370145574753e+01
1.870448104385211963e+01 1.455249562721205514e+01 2.078850234100858430e+01
8.327962785167777326e+00 1.247843199558582050e+01 2.079990314943434271e+01
1.040376800441417693e+01 1.455423721483222010e+01 2.079990314943434271e+01
4.184036063504884773e+00 8.152402179382720049e-03 2.077091103953157969e+01
6.256049467382709395e+00 2.102857281148567736e+00 2.077934271885144568e+01
2.078398764466050963e+01 1.247888351723367428e+01 2.078398764466051318e+01
2.288089152178998376e+01 1.455551472808219593e+01 2.078030772735790777e+01
2.076329062536844106e+01 1.839388489600376000e-02 2.076329062536843750e+01
2.286380611510395866e+01 2.118909374631542608e+00 2.076329062536844461e+01
3.403893560913498657e-03 1.662978234506826780e+01 2.077755170875751745e+01
2.108393345363837934e+00 1.869554903936259294e+01 2.077380665463614307e+01
1.839388489600205651e-02 2.076329062536843750e+01 2.076329062536843750e+01
2.118909374631540388e+00 2.286380611510395511e+01 2.076329062536844461e+01
2.113003840412253531e+00 2.113003840412253975e+00 2.076919615958777854e+01
2.450279056170505398e-02 2.450279056170582767e-02 2.076326519634688950e+01
1.662513650910356233e+01 4.181079912690603528e+00 2.078509611420808412e+01
1.870112008730938058e+01 6.257063490896427993e+00 2.078509611420808767e+01
8.328242695562400044e+00 2.078268111914808358e+01 2.078268111914808358e+01
1.040272457600927147e+01 2.288182909273125532e+01 2.078165363618123962e+01
8.328789350444607109e+00 8.328789350444607109e+00 2.079809054175263938e+01
1.040345687074993108e+01 1.040345687074993108e+01 2.080172151843449413e+01
4.184240092289445379e+00 4.184240092289445379e+00 2.077971699103994396e+01
6.255542350847059119e+00 6.255542350847059119e+00 2.079073147908397345e+01
1.247888351723367428e+01 2.078398764466050963e+01 2.078398764466050963e+01
1.455551472808219415e+01 2.288089152178998376e+01 2.078030772735790777e+01
1.662665764915293209e+01 1.662665764915293209e+01 2.079073147908396990e+01
1.869795990771054761e+01 1.869795990771055116e+01 2.077971699103993330e+01
2.077934271885144213e+01 1.662615053261729159e+01 2.077934271885144568e+01
2.287404759782065966e+01 1.869816393649513131e+01 2.077091103953157258e+01
1.247855440456305232e+01 4.175872285701522912e+00 2.079018917854772042e+01
1.455240514788961903e+01 6.253523711413625286e+00 2.079436411092511605e+01
2.077380665463614662e+01 4.186650960637404495e+00 2.077380665463615017e+01
2.287879610643906503e+01 6.252417654931707425e+00 2.077755170875752100e+01
1.247874312925006635e+01 1.247874312925006635e+01 2.080172151843449413e+01
1.455341064955539210e+01 1.455341064955539210e+01 2.079809054175264293e+01
3.709072687595491935e-04 1.247947542399072596e+01 2.078165363618123962e+01
2.099518880851920066e+00 1.455395730443759383e+01 2.078268111914808358e+01
8.152402179381767686e-03 4.184036063504884773e+00 2.077091103953157614e+01
2.102857281148567292e+00 6.256049467382711171e+00 2.077934271885144213e+01
8.329704372787942290e+00 4.177718956147882245e+00 2.078850234100858074e+01
1.040397454813595424e+01 6.251939684681951270e+00 2.079614370145574398e+01
4.177718956147882245e+00 8.329704372787944067e+00 2.078850234100858074e+01
6.251939684681951270e+00 1.040397454813595424e+01 2.079614370145574398e+01
1.662867628858637659e+01 8.329794852110378400e+00 2.079436411092511605e+01
1.870632771429847807e+01 1.040364559543694511e+01 2.079018917854772042e+01
8.329794852110378400e+00 1.662867628858637659e+01 2.079436411092511605e+01
1.040364559543694511e+01 1.870632771429847807e+01 2.079018917854772042e+01
1.308478210013180312e-03 8.326685271917796172e+00 2.078030772735790066e+01
2.098212355339504231e+00 1.040331648276632137e+01 2.078398764466050963e+01
2.076919615958776077e+01 2.076919615958776077e+01 2.076919615958776077e+01
2.285769720943828887e+01 2.285769720943828887e+01 2.076326519634688594e+01
1.040233632626092053e+01 8.801631199652767273e-03 2.287339836880031285e+01
8.326685271917808606e+00 2.101892272642088777e+00 2.288089152178998376e+01
6.252417654931704760e+00 2.077755170875751745e+01 2.287879610643906858e+01
4.178103492127972274e+00 2.286815747005019261e+01 2.286815747005019617e+01
1.870871841238355060e+01 1.247901963427896455e+01 2.289263133435902731e+01
1.663066889264005965e+01 1.455362519704230095e+01 2.289705348510035421e+01
1.455441001781962207e+01 4.175206713025252370e+00 2.289152941200302749e+01
1.247885593726807940e+01 6.249495091155239379e+00 2.289856073492041233e+01
2.118934803653121701e+00 2.450279056170618502e-02 2.285769720943829597e+01
2.450279056170528991e-02 2.118934803653123478e+00 2.285769720943829597e+01
1.040334406273191803e+01 1.663270490884477226e+01 2.289856073492041588e+01
8.327789982180368256e+00 1.870699328697475394e+01 2.289152941200302394e+01
1.869788681440390476e+01 4.184313185596086448e+00 2.288389671597020580e+01
1.662766032257981408e+01 6.254539677420170030e+00 2.289396572810733943e+01
1.455553923790619031e+01 1.247877128774564248e+01 2.290221684609943864e+01
1.247877128774564426e+01 1.455553923790619031e+01 2.290221684609943864e+01
2.284306362370568522e+01 3.913637629427325904e-02 2.284306362370568522e+01
2.076329062536844461e+01 2.118909374631540388e+00 2.286380611510395511e+01
1.455551472808219593e+01 2.078030772735790777e+01 2.288089152178998376e+01
1.247986367373907335e+01 2.287339836880032351e+01 2.287339836880032706e+01
6.254986325424285454e+00 4.179428495827715473e+00 2.288867001855468786e+01
4.179428495827714585e+00 6.254986325424286342e+00 2.288867001855468786e+01
2.287339836880032351e+01 1.247986367373907513e+01 2.287339836880032706e+01
2.078030772735790421e+01 1.455551472808219593e+01 2.288089152178998376e+01
2.104648291242479985e+00 1.662978234506827491e+01 2.287879610643906858e+01
1.404252994979599684e-02 1.870409650787198075e+01 2.286815747005019261e+01
2.100546363818761364e+00 1.247947542399071885e+01 2.288182909273125887e+01
9.475268941436913034e-03 1.455691685875201280e+01 2.287272473105857529e+01
6.249983035210473936e+00 1.112312992041293580e-02 2.287107687007960166e+01
4.184036063504884773e+00 2.111288960468434617e+00 2.287404759782067742e+01
1.040319265136450610e+01 1.247900734863549133e+01 2.290395170266389258e+01
8.327978481060902993e+00 1.455422151893909799e+01 2.290057316608516658e+01
1.870277150417228640e+01 1.662721367457571020e+01 2.288867001855468430e+01
1.662721367457571020e+01 1.870277150417228995e+01 2.288867001855468075e+01
1.455691685875201458e+01 9.475268941438384079e-03 2.287272473105857529e+01
1.247947542399071885e+01 2.100546363818760476e+00 2.288182909273125887e+01
6.251531107359942219e+00 8.328574802957696477e+00 2.289705348510035066e+01
4.173481587616448607e+00 1.040318036572103111e+01 2.289263133435902731e+01
2.118909374631539499e+00 2.076329062536844106e+01 2.286380611510395511e+01
3.913637629427214881e-02 2.284306362370568166e+01 2.284306362370568522e+01
2.101892272642088777e+00 8.326685271917808606e+00 2.288089152178998376e+01
8.801631199653259935e-03 1.040233632626092053e+01 2.287339836880031640e+01
2.286815747005019261e+01 4.178103492127975827e+00 2.286815747005019617e+01
2.077755170875751745e+01 6.252417654931706537e+00 2.287879610643906858e+01
1.870699328697475394e+01 8.327789982180370032e+00 2.289152941200302749e+01
1.663270490884476871e+01 1.040334406273191803e+01 2.289856073492041588e+01
2.287107687007959456e+01 1.663221696478953149e+01 2.287107687007959456e+01
2.077091103953156903e+01 1.869816393649513131e+01 2.287404759782065966e+01
1.455422151893909799e+01 8.327978481060902993e+00 2.290057316608517013e+01
1.247900734863549133e+01 1.040319265136450610e+01 2.290395170266389258e+01
1.040342871225435317e+01 8.326660762093808898e+00 2.290221684609943509e+01
8.326660762093808898e+00 1.040342871225435317e+01 2.290221684609943864e+01
1.870409650787198430e+01 1.404252994979592745e-02 2.286815747005019261e+01
1.662978234506827846e+01 2.104648291242479985e+00 2.287879610643906858e+01
1.455362519704230095e+01 1.663066889264005965e+01 2.289705348510035421e+01
1.247901963427896632e+01 1.870871841238355415e+01 2.289263133435902375e+01
6.249495091155240267e+00 1.247885593726807940e+01 2.289856073492041233e+01
4.175206713025254146e+00 1.455441001781962207e+01 2.289152941200302394e+01
2.111288960468433284e+00 4.184036063504885661e+00 2.287404759782067387e+01
1.112312992041233559e-02 6.249983035210474824e+00 2.287107687007960166e+01
1.869816393649513131e+01 2.077091103953157258e+01 2.287404759782065966e+01
1.663221696478952794e+01 2.287107687007959811e+01 2.287107687007959456e+01
1.040272457600927147e+01 2.078165363618123607e+01 2.288182909273125532e+01
8.325283141247977525e+00 2.287272473105856818e+01 2.287272473105857173e+01
1.040318036572103111e+01 4.173481587616448607e+00 2.289263133435902731e+01
8.328574802957696477e+00 6.251531107359942219e+00 2.289705348510035066e+01
6.254539677420170030e+00 1.662766032257981408e+01 2.289396572810733588e+01
4.184313185596086448e+00 1.869788681440390476e+01 2.288389671597020580e+01
2.287272473105856818e+01 8.325283141247979302e+00 2.287272473105857173e+01
2.078165363618123607e+01 1.040272457600927147e+01 2.288182909273125887e+01
2.285769720943828887e+01 2.076326519634688239e+01 2.285769720943828887e+01
2.076326519634688594e+01 2.285769720943828531e+01 2.285769720943828887e+01
