2.108704229847031986e+00 2.108704229847031986e+00 8.182008865601312145e-03
2.889737277702263130e-02 2.889737277702342580e-02 2.889737277702289844e-02
4.690816059624217452e-03 4.169517929879082985e+00 4.690816059623325804e-03
2.095927549553894043e+00 6.243889235749143118e+00 -5.683791933186670836e-03
2.737992345129238413e-03 8.318538404371834005e+00 2.737992345128056199e-03
2.101325675344749566e+00 1.038686202495511068e+01 -1.825358161635854673e-03
1.458112754846018280e-02 1.245228278732732363e+01 1.458112754846114557e-02
2.109117212672678043e+00 1.454681887245154570e+01 1.458112754846198518e-02
4.169517929879082985e+00 4.690816059624541845e-03 4.690816059623978927e-03
6.243889235749143118e+00 2.095927549553894043e+00 -5.683791933186205930e-03
4.174227754265740664e+00 4.174227754265740664e+00 -1.183250659282024560e-02
6.244574388404421583e+00 6.244574388404421583e+00 -1.972720440827634494e-02
4.170492371985255353e+00 8.316278364806493073e+00 -1.573096713466286961e-02
6.245121635193505050e+00 1.039090762801473744e+01 -1.573096713466133958e-02
4.174537975044900762e+00 1.246007432465525611e+01 -1.825358161637233995e-03
6.242861595628170335e+00 1.455866200765487228e+01 2.737992345119024361e-03
8.318538404371834005e+00 2.737992345128839426e-03 2.737992345128124720e-03
1.038686202495511068e+01 2.101325675344749566e+00 -1.825358161636268404e-03
8.316278364806493073e+00 4.170492371985255353e+00 -1.573096713466290431e-02
1.039090762801473744e+01 6.245121635193505050e+00 -1.573096713466140897e-02
8.316825611595575651e+00 8.316825611595575651e+00 -1.972720440827522431e-02
1.038717224573425923e+01 1.038717224573425923e+01 -1.183250659281733647e-02
8.317510764250860333e+00 1.246547245044609653e+01 -5.683791933185626533e-03
1.039188207012091247e+01 1.455670918394037727e+01 4.690816059621099286e-03
1.245228278732732363e+01 1.458112754846068934e-02 1.458112754846104323e-02
1.454681887245154748e+01 2.109117212672678487e+00 1.458112754846178222e-02
1.246007432465525611e+01 4.174537975044900762e+00 -1.825358161637342415e-03
1.455866200765487228e+01 6.242861595628171223e+00 2.737992345119679653e-03
1.246547245044609653e+01 8.317510764250860333e+00 -5.683791933185773117e-03
1.455670918394037550e+01 1.039188207012091247e+01 4.690816059620051513e-03
1.245269577015296747e+01 1.245269577015296925e+01 8.182008865600552336e-03
1.453250262722297492e+01 1.453250262722297670e+01 2.889737277701766999e-02
8.182008865601719805e-03 2.108704229847032430e+00 2.108704229847031542e+00
2.108704229847031986e+00 8.182008865602340836e-03 2.108704229847031542e+00
1.038686202495510891e+01 -1.825358161635949649e-03 2.101325675344749122e+00
8.315601993533986658e+00 2.093757223294475001e+00 2.093757223294474556e+00
6.243889235749143118e+00 -5.683791933185780923e-03 2.095927549553893598e+00
4.176453052822276746e+00 2.098132235831808856e+00 2.098132235831807968e+00
1.038762450173662266e+01 4.173775498263382566e+00 2.092233131839293048e+00
8.316767187514500392e+00 6.244632812485501283e+00 2.084208229965237358e+00
2.093757223294475001e+00 8.315601993533984881e+00 2.093757223294474556e+00
-1.825358161635545675e-03 1.038686202495510891e+01 2.101325675344749122e+00
1.038976207766695836e+01 8.315854024476781348e+00 2.088229568610336262e+00
8.315854024476779571e+00 1.038976207766695836e+01 2.088229568610336262e+00
6.245545975523228321e+00 4.171637922333045090e+00 2.088229568610334486e+00
4.171637922333045090e+00 6.245545975523227433e+00 2.088229568610334486e+00
1.038494694717772759e+01 1.246326776416819904e+01 2.098132235831807968e+00
8.317510764250855004e+00 1.456708379193318770e+01 2.095927549553889602e+00
2.098132235831808412e+00 4.176453052822276746e+00 2.098132235831807968e+00
-5.683791933185972610e-03 6.243889235749142230e+00 2.095927549553893154e+00
1.454681887245154748e+01 1.458112754846224886e-02 2.109117212672678043e+00
1.245860158235307935e+01 2.102798417646928542e+00 2.102798417646928542e+00
6.244632812485500395e+00 8.316767187514500392e+00 2.084208229965237802e+00
4.173775498263381678e+00 1.038762450173662089e+01 2.092233131839293492e+00
1.456322535816163288e+01 4.174537975044901650e+00 2.101325675344747346e+00
1.246764277670552978e+01 6.245798006466013241e+00 2.093757223294476333e+00
2.102798417646928986e+00 1.245860158235307935e+01 2.102798417646928986e+00
1.458112754846142833e-02 1.454681887245154570e+01 2.109117212672678932e+00
1.456708379193318770e+01 8.317510764250856781e+00 2.095927549553889602e+00
1.246326776416819904e+01 1.038494694717772759e+01 2.098132235831807968e+00
6.245798006466012353e+00 1.246764277670552978e+01 2.093757223294476333e+00
4.174537975044900762e+00 1.456322535816163288e+01 2.101325675344747346e+00
1.455321799113441017e+01 1.245269577015297102e+01 2.108704229847028877e+00
1.245269577015297102e+01 1.455321799113441017e+01 2.108704229847029321e+00
8.317046324046325267e+00 8.317046324046325267e+00 4.166960524061786408e+00
1.038968895809644444e+01 1.038968895809644444e+01 4.171711041903564343e+00
-1.183250659282000100e-02 4.174227754265740664e+00 4.174227754265739776e+00
2.088229568610334930e+00 6.245545975523227433e+00 4.171637922333045090e+00
4.173775498263382566e+00 1.246916686816070374e+01 4.173775498263383454e+00
6.245121635193505050e+00 1.457713096713466605e+01 4.170492371985258018e+00
8.315854024476781348e+00 1.247317043138967563e+01 4.171637922333044202e+00
1.038717224573425746e+01 1.457323250659282898e+01 4.174227754265736223e+00
-1.825358161637111263e-03 1.246007432465525433e+01 4.174537975044900762e+00
2.101325675344747346e+00 1.456322535816163288e+01 4.174537975044900762e+00
4.171711041903566120e+00 4.171711041903566120e+00 4.171711041903565231e+00
6.244353675953681737e+00 6.244353675953680849e+00 4.166960524061786408e+00
1.246007432465525433e+01 -1.825358161637366484e-03 4.174537975044899873e+00
1.456322535816163288e+01 2.101325675344746902e+00 4.174537975044901650e+00
8.316278364806493073e+00 -1.573096713466268573e-02 4.170492371985255353e+00
1.038762450173662089e+01 2.092233131839293492e+00 4.173775498263381678e+00
-1.573096713466273083e-02 8.316278364806491297e+00 4.170492371985254465e+00
2.092233131839293492e+00 1.038762450173662089e+01 4.173775498263381678e+00
1.246916686816070374e+01 4.173775498263382566e+00 4.173775498263382566e+00
1.457713096713466605e+01 6.245121635193505938e+00 4.170492371985257130e+00
2.098132235831808412e+00 2.098132235831808856e+00 4.176453052822275858e+00
4.690816059624049184e-03 4.690816059624941699e-03 4.169517929879082985e+00
8.316463172888537869e+00 4.169229839966364537e+00 4.169229839966363649e+00
1.039217016003363980e+01 6.244936827111469135e+00 4.169229839966363649e+00
1.247317043138967563e+01 8.315854024476781348e+00 4.171637922333043313e+00
1.457323250659282898e+01 1.038717224573425923e+01 4.174227754265737111e+00
4.169229839966364537e+00 8.316463172888537869e+00 4.169229839966363649e+00
6.244936827111469135e+00 1.039217016003363980e+01 4.169229839966364537e+00
4.174227754265740664e+00 -1.183250659281945977e-02 4.174227754265739776e+00
6.245545975523228321e+00 2.088229568610334930e+00 4.171637922333044202e+00
1.246326776416819904e+01 1.246326776416819904e+01 4.176453052822273193e+00
1.455670918394038083e+01 1.455670918394038083e+01 4.169517929879079432e+00
6.243617885158545100e+00 8.317782114841463681e+00 6.243617885158544212e+00
4.169229839966364537e+00 1.039217016003363980e+01 6.244936827111469135e+00
2.088229568610334930e+00 4.171637922333045090e+00 6.245545975523227433e+00
-1.972720440827609514e-02 6.244574388404421583e+00 6.244574388404421583e+00
-5.683791933185772249e-03 2.095927549553894487e+00 6.243889235749143118e+00
2.095927549553894043e+00 -5.683791933185499030e-03 6.243889235749142230e+00
1.455866200765487051e+01 2.737992345118497005e-03 6.242861595628170335e+00
1.246764277670552978e+01 2.093757223294475889e+00 6.245798006466013241e+00
1.039217016003363980e+01 4.169229839966364537e+00 6.244936827111469135e+00
8.317782114841463681e+00 6.243617885158544212e+00 6.243617885158543324e+00
6.244353675953680849e+00 4.166960524061787297e+00 6.244353675953680849e+00
4.166960524061787297e+00 6.244353675953680849e+00 6.244353675953680849e+00
6.244632812485501283e+00 1.247719177003476965e+01 6.244632812485502171e+00
4.170492371985257130e+00 1.457713096713466605e+01 6.245121635193505938e+00
1.457713096713466605e+01 4.170492371985258018e+00 6.245121635193505050e+00
1.247719177003476965e+01 6.244632812485501283e+00 6.244632812485501283e+00
2.084208229965237802e+00 8.316767187514500392e+00 6.244632812485500395e+00
-1.573096713466111407e-02 1.039090762801473566e+01 6.245121635193504162e+00
1.039443947593821704e+01 8.317046324046325267e+00 6.244353675953679961e+00
8.317046324046327044e+00 1.039443947593821704e+01 6.244353675953679961e+00
6.244574388404421583e+00 -1.972720440827576208e-02 6.244574388404421583e+00
4.171637922333045090e+00 2.088229568610334930e+00 6.245545975523227433e+00
1.458112720440828802e+01 8.316825611595579204e+00 6.244574388404422471e+00
1.247317043138967563e+01 1.038976207766695836e+01 6.245545975523227433e+00
2.093757223294476333e+00 1.246764277670552801e+01 6.245798006466013241e+00
2.737992345118756780e-03 1.455866200765487228e+01 6.242861595628169447e+00
1.039090762801473744e+01 -1.573096713466101693e-02 6.245121635193505050e+00
8.316767187514500392e+00 2.084208229965238246e+00 6.244632812485500395e+00
1.038976207766696014e+01 1.247317043138967563e+01 6.245545975523226545e+00
8.316825611595579204e+00 1.458112720440828802e+01 6.244574388404423360e+00
1.456708379193318947e+01 1.246547245044610008e+01 6.243889235749139566e+00
1.246547245044609831e+01 1.456708379193318947e+01 6.243889235749139566e+00
1.246547245044609653e+01 -5.683791933185329028e-03 8.317510764250860333e+00
1.456708379193318770e+01 2.095927549553890046e+00 8.317510764250855004e+00
4.166960524061787297e+00 8.317046324046325267e+00 8.317046324046325267e+00
6.244353675953679961e+00 1.039443947593821704e+01 8.317046324046325267e+00
-5.683791933185695054e-03 1.246547245044609653e+01 8.317510764250858557e+00
2.095927549553888714e+00 1.456708379193318770e+01 8.317510764250855004e+00
8.317782114841463681e+00 8.317782114841463681e+00 8.317782114841463681e+00
1.039217016003364158e+01 1.039217016003364158e+01 8.316463172888537869e+00
8.316825611595575651e+00 -1.972720440827467961e-02 8.316825611595575651e+00
1.038976207766695836e+01 2.088229568610336706e+00 8.315854024476781348e+00
1.247317043138967563e+01 4.171637922333044202e+00 8.315854024476781348e+00
1.458112720440828802e+01 6.244574388404424248e+00 8.316825611595579204e+00
4.169229839966364537e+00 4.169229839966364537e+00 8.316463172888537869e+00
6.243617885158545100e+00 6.243617885158545100e+00 8.317782114841463681e+00
4.170492371985255353e+00 -1.573096713466241858e-02 8.316278364806493073e+00
6.244632812485501283e+00 2.084208229965237802e+00 8.316767187514500392e+00
-1.573096713466238389e-02 4.170492371985255353e+00 8.316278364806493073e+00
2.084208229965237802e+00 6.244632812485501283e+00 8.316767187514500392e+00
8.316767187514502169e+00 1.247719177003476965e+01 8.316767187514500392e+00
1.039090762801474277e+01 1.457713096713466427e+01 8.316278364806494849e+00
1.247719177003476965e+01 8.316767187514502169e+00 8.316767187514500392e+00
1.457713096713466427e+01 1.039090762801474277e+01 8.316278364806494849e+00
4.171637922333043313e+00 1.247317043138967563e+01 8.315854024476781348e+00
6.244574388404423360e+00 1.458112720440828802e+01 8.316825611595579204e+00
8.317046324046325267e+00 4.166960524061787297e+00 8.317046324046325267e+00
1.039443947593821704e+01 6.244353675953679961e+00 8.317046324046325267e+00
-1.972720440827495023e-02 8.316825611595575651e+00 8.316825611595575651e+00
2.088229568610336262e+00 1.038976207766695836e+01 8.315854024476781348e+00
2.093757223294475001e+00 2.093757223294475001e+00 8.315601993533986658e+00
2.737992345129272240e-03 2.737992345129092262e-03 8.318538404371834005e+00
1.246764277670553334e+01 1.246764277670553334e+01 8.315601993533983105e+00
1.455866200765487406e+01 1.455866200765487584e+01 8.318538404371830453e+00
6.245545975523227433e+00 1.247317043138967740e+01 1.038976207766695836e+01
4.174227754265736223e+00 1.457323250659282898e+01 1.038717224573425746e+01
6.245121635193505050e+00 -1.573096713466088509e-02 1.039090762801473744e+01
4.173775498263382566e+00 2.092233131839293936e+00 1.038762450173662089e+01
6.244353675953680849e+00 8.317046324046327044e+00 1.039443947593821704e+01
4.171711041903565231e+00 1.038968895809644444e+01 1.038968895809644444e+01
1.457323250659282898e+01 4.174227754265737111e+00 1.038717224573425746e+01
1.247317043138967563e+01 6.245545975523227433e+00 1.038976207766695836e+01
1.038968895809644444e+01 4.171711041903565231e+00 1.038968895809644444e+01
8.317046324046327044e+00 6.244353675953679961e+00 1.039443947593821704e+01
1.038762450173662266e+01 1.246916686816070552e+01 1.038762450173662266e+01
8.316278364806496626e+00 1.457713096713466605e+01 1.039090762801474099e+01
6.244936827111469135e+00 4.169229839966364537e+00 1.039217016003363980e+01
4.169229839966364537e+00 6.244936827111469135e+00 1.039217016003363980e+01
2.092233131839293936e+00 4.173775498263382566e+00 1.038762450173662089e+01
-1.573096713466085733e-02 6.245121635193505050e+00 1.039090762801473744e+01
-1.825358161635364180e-03 2.101325675344749566e+00 1.038686202495511068e+01
2.101325675344750010e+00 -1.825358161635735627e-03 1.038686202495511068e+01
1.457713096713466427e+01 8.316278364806496626e+00 1.039090762801474099e+01
1.246916686816070552e+01 1.038762450173662266e+01 1.038762450173662266e+01
1.038717224573426101e+01 -1.183250659281686636e-02 1.038717224573426101e+01
8.315854024476781348e+00 2.088229568610336706e+00 1.038976207766695836e+01
2.098132235831807968e+00 1.246326776416819904e+01 1.038494694717772759e+01
4.690816059620405397e-03 1.455670918394037550e+01 1.039188207012091070e+01
1.455670918394037727e+01 4.690816059621388985e-03 1.039188207012091070e+01
1.246326776416819904e+01 2.098132235831808856e+00 1.038494694717772759e+01
1.039217016003364158e+01 8.316463172888537869e+00 1.039217016003364158e+01
8.316463172888537869e+00 1.039217016003364158e+01 1.039217016003364158e+01
2.088229568610336262e+00 8.315854024476781348e+00 1.038976207766695836e+01
-1.183250659281766086e-02 1.038717224573426101e+01 1.038717224573426101e+01
1.456322535816163466e+01 1.246007432465525966e+01 1.038686202495511068e+01
1.246007432465525966e+01 1.456322535816163466e+01 1.038686202495511068e+01
8.315601993533984881e+00 1.246764277670553334e+01 1.246764277670553156e+01
1.038686202495511068e+01 1.456322535816163466e+01 1.246007432465525966e+01
1.246326776416820081e+01 4.176453052822274081e+00 1.246326776416819904e+01
1.456708379193318947e+01 6.243889235749140454e+00 1.246547245044609831e+01
8.317510764250860333e+00 -5.683791933184765242e-03 1.246547245044609653e+01
1.038494694717772937e+01 2.098132235831808856e+00 1.246326776416819904e+01
4.173775498263383454e+00 4.173775498263383454e+00 1.246916686816070374e+01
6.244632812485502171e+00 6.244632812485502171e+00 1.247719177003476787e+01
4.176453052822274081e+00 1.246326776416820081e+01 1.246326776416819904e+01
6.243889235749140454e+00 1.456708379193318947e+01 1.246547245044609831e+01
4.171637922333044202e+00 8.315854024476781348e+00 1.247317043138967385e+01
6.245545975523228321e+00 1.038976207766696014e+01 1.247317043138967563e+01
8.316767187514502169e+00 8.316767187514502169e+00 1.247719177003476965e+01
1.038762450173662266e+01 1.038762450173662266e+01 1.246916686816070552e+01
8.182008865601044997e-03 1.245269577015297102e+01 1.245269577015296925e+01
2.108704229847029765e+00 1.455321799113441195e+01 1.245269577015297102e+01
1.246764277670553334e+01 8.315601993533984881e+00 1.246764277670553334e+01
1.456322535816163466e+01 1.038686202495511068e+01 1.246007432465525966e+01
1.245269577015297102e+01 8.182008865601369391e-03 1.245269577015296747e+01
1.455321799113441195e+01 2.108704229847030209e+00 1.245269577015297102e+01
2.102798417646929430e+00 2.102798417646929430e+00 1.245860158235307935e+01
1.458112754846153589e-02 1.458112754846134854e-02 1.245228278732732363e+01
-1.825358161636452719e-03 4.174537975044900762e+00 1.246007432465525611e+01
2.093757223294476777e+00 6.245798006466013241e+00 1.246764277670552978e+01
8.315854024476781348e+00 4.171637922333044202e+00 1.247317043138967563e+01
1.038976207766696014e+01 6.245545975523227433e+00 1.247317043138967563e+01
4.174537975044900762e+00 -1.825358161636858644e-03 1.246007432465525611e+01
6.245798006466013241e+00 2.093757223294476777e+00 1.246764277670552978e+01
-5.683791933185198923e-03 8.317510764250860333e+00 1.246547245044609653e+01
2.098132235831808412e+00 1.038494694717772937e+01 1.246326776416819726e+01
1.245860158235308290e+01 1.245860158235308290e+01 1.245860158235308290e+01
1.454681887245155458e+01 1.454681887245155458e+01 1.245228278732732718e+01
2.109117212672678932e+00 1.458112754846256978e-02 1.454681887245154748e+01
1.458112754846302254e-02 2.109117212672678932e+00 1.454681887245154748e+01
1.039090762801474277e+01 8.316278364806494849e+00 1.457713096713466427e+01
8.316278364806496626e+00 1.039090762801474277e+01 1.457713096713466427e+01
6.245121635193505938e+00 4.170492371985258018e+00 1.457713096713466605e+01
4.170492371985258906e+00 6.245121635193506826e+00 1.457713096713466427e+01
2.095927549553890490e+00 8.317510764250856781e+00 1.456708379193318592e+01
4.690816059621238931e-03 1.039188207012091247e+01 1.455670918394037550e+01
1.038717224573425923e+01 4.174227754265738000e+00 1.457323250659282898e+01
8.316825611595579204e+00 6.244574388404423360e+00 1.458112720440828625e+01
1.453250262722297848e+01 2.889737277701917573e-02 1.453250262722297492e+01
1.245269577015297280e+01 2.108704229847029765e+00 1.455321799113441017e+01
6.244574388404424248e+00 8.316825611595580980e+00 1.458112720440828625e+01
4.174227754265737111e+00 1.038717224573425923e+01 1.457323250659282721e+01
1.455866200765487584e+01 8.318538404371830453e+00 1.455866200765487406e+01
1.246007432465525966e+01 1.038686202495511068e+01 1.456322535816163466e+01
1.039188207012091425e+01 4.690816059621164338e-03 1.455670918394037550e+01
8.317510764250856781e+00 2.095927549553890046e+00 1.456708379193318770e+01
6.243889235749140454e+00 1.246547245044610008e+01 1.456708379193318770e+01
4.169517929879080320e+00 1.455670918394038083e+01 1.455670918394038083e+01
2.101325675344748234e+00 4.174537975044902538e+00 1.456322535816163288e+01
2.737992345119926851e-03 6.242861595628171223e+00 1.455866200765487228e+01
1.038686202495511068e+01 1.246007432465526144e+01 1.456322535816163288e+01
8.318538404371830453e+00 1.455866200765487406e+01 1.455866200765487406e+01
6.242861595628172111e+00 2.737992345119674015e-03 1.455866200765487228e+01
4.174537975044901650e+00 2.101325675344747790e+00 1.456322535816163288e+01
2.108704229847029765e+00 1.245269577015297280e+01 1.455321799113441017e+01
2.889737277702031024e-02 1.453250262722297848e+01 1.453250262722297670e+01
1.455670918394038260e+01 4.169517929879080320e+00 1.455670918394038083e+01
1.246547245044610008e+01 6.243889235749140454e+00 1.456708379193318770e+01
1.454681887245155281e+01 1.245228278732732896e+01 1.454681887245155281e+01
1.245228278732732896e+01 1.454681887245155458e+01 1.454681887245155103e+01
