0 0.0 0.0 -0.22694964547266513
1 -0.11347482273633257 -0.11347482273633257 -0.11347482273633257
2 -0.17021223410449984 -1.955192415827713e-15 -0.17021223410449984
3 0.0 5.92308290677219e-15 -0.22694964547266513
4 -0.17021223410449884 -3.948721937848127e-15 -0.17021223410449884
5 0.0 0.1702122341045018 -0.17021223410449984
6 -1.955192415827713e-15 -0.17021223410449984 -0.17021223410449984
7 5.92308290677219e-15 0.0 -0.22694964547266513
8 -1.955192415827713e-15 -1.955192415827713e-15 -0.22694964547266713
9 4.945486698858333e-15 4.926318145761983e-15 -0.2269496454726651
10 -1.9647766923758883e-15 -4.907149592665633e-15 -0.2269496454726661
11 2.9423729002897447e-15 0.17021223410450081 -0.17021223410449982
12 -3.948721937848127e-15 -0.17021223410449884 -0.17021223410449884
13 0.1702122341045018 0.0 -0.17021223410449984
14 -4.907149592665633e-15 -1.9647766923758883e-15 -0.2269496454726661
15 0.17021223410450081 2.9423729002897447e-15 -0.17021223410449982
16 -4.926318145761983e-15 -4.945486698858333e-15 -0.2269496454726651
17 0.11347482273633452 0.11347482273633452 -0.11347482273633455
18 6.900679114686046e-15 -2.961541453386095e-15 0.0
19 -2.961541453386095e-15 6.900679114686046e-15 0.0
20 0.0 -7.897443875696253e-15 0.0
21 -0.17021223410449984 0.1702122341045018 0.0
22 6.900679114686046e-15 -6.900679114686046e-15 0.0
23 -1.955192415827713e-15 0.22694964547266905 0.0
24 0.0 -3.910384831655426e-15 0.0
25 -0.22694964547266513 5.92308290677219e-15 0.0
26 0.1702122341045018 -0.17021223410449984 0.0
27 -7.897443875696253e-15 0.0 0.0
28 5.92308290677219e-15 -0.22694964547266513 0.0
29 -3.910384831655426e-15 0.0 0.0
30 0.22694964547266905 -1.955192415827713e-15 0.0
31 -6.900679114686046e-15 6.900679114686046e-15 0.0
32 -0.22694964547266513 0.0 0.0
33 0.0 -0.22694964547266513 0.0
34 0.22694964547266805 -4.907149592665633e-15 0.0
35 -4.907149592665633e-15 0.22694964547266805 0.0
36 -0.2269496454726661 -4.907149592665633e-15 -1.9647766923758883e-15
37 0.0 0.22694964547266905 -1.955192415827713e-15
38 0.0 0.0 -3.910384831655426e-15
39 -0.17021223410449984 -0.17021223410449984 -1.955192415827713e-15
40 -4.907149592665633e-15 -0.2269496454726661 -1.9647766923758883e-15
41 0.22694964547266905 0.0 -1.955192415827713e-15
42 -1.955192415827713e-15 -1.955192415827713e-15 -1.936023862731363e-15
43 5.9039143536758395e-15 5.9039143536758395e-15 -1.9743609689240634e-15
44 -0.22694964547266713 -1.955192415827713e-15 -1.955192415827713e-15
45 0.0 6.900679114686046e-15 -2.9519571768379198e-15
46 -5.9039143536758395e-15 -1.955192415827713e-15 -1.955192415827713e-15
47 0.22694964547266805 3.900800555107251e-15 -9.775962079138566e-16
48 -1.955192415827713e-15 -0.22694964547266713 -1.955192415827713e-15
49 6.900679114686046e-15 0.0 -2.9519571768379198e-15
50 -1.9647766923758883e-15 -5.9039143536758395e-15 -1.955192415827713e-15
51 3.900800555107251e-15 0.22694964547266805 -9.775962079138566e-16
52 -5.9039143536758395e-15 -5.9039143536758395e-15 -1.9743609689240634e-15
53 0.1702122341045018 0.1702122341045018 1.916855309635013e-17
54 0.17021223410450081 -0.17021223410449982 2.9423729002897447e-15
55 -6.900679114686046e-15 0.0 6.900679114686046e-15
56 0.0 -2.9519571768379198e-15 6.900679114686046e-15
57 -0.2269496454726651 4.926318145761983e-15 4.945486698858333e-15
58 -0.22694964547266513 0.0 5.92308290677219e-15
59 0.0 -0.22694964547266513 5.92308290677219e-15
60 5.9039143536758395e-15 -5.9039143536758395e-15 5.94225145986854e-15
61 -9.775962079138566e-16 0.22694964547266805 3.900800555107251e-15
62 0.22694964547266805 -9.775962079138566e-16 3.900800555107251e-15
63 -5.9039143536758395e-15 5.9039143536758395e-15 5.94225145986854e-15
64 0.0 -6.900679114686046e-15 6.900679114686046e-15
65 -0.17021223410449982 0.17021223410450081 2.9423729002897447e-15
66 5.884745800579489e-15 -1.9743609689240634e-15 5.9039143536758395e-15
67 -1.9743609689240634e-15 5.884745800579489e-15 5.9039143536758395e-15
68 4.926318145761983e-15 -0.2269496454726651 4.945486698858333e-15
69 -2.9519571768379198e-15 0.0 6.900679114686046e-15
70 0.2269496454726671 -3.919969108203601e-15 3.939137661299951e-15
71 -3.919969108203601e-15 0.2269496454726671 3.939137661299951e-15
72 -1.9743609689240634e-15 -5.9039143536758395e-15 -5.884745800579489e-15
73 3.939137661299951e-15 0.2269496454726671 -3.919969108203601e-15
74 -1.9647766923758883e-15 -1.9647766923758883e-15 -5.9039143536758395e-15
75 5.94225145986854e-15 5.94225145986854e-15 -5.9039143536758395e-15
76 -0.2269496454726661 -1.9647766923758883e-15 -4.907149592665633e-15
77 0.0 6.900679114686046e-15 -6.900679114686046e-15
78 -5.9039143536758395e-15 -1.9743609689240634e-15 -5.884745800579489e-15
79 0.2269496454726671 3.939137661299951e-15 -3.919969108203601e-15
80 -0.2269496454726651 -4.945486698858333e-15 -4.926318145761983e-15
81 0.0 0.22694964547266805 -4.907149592665633e-15
82 0.0 0.0 -7.897443875696253e-15
83 -0.17021223410449884 -0.17021223410449884 -3.948721937848127e-15
84 -4.945486698858333e-15 -0.2269496454726651 -4.926318145761983e-15
85 0.22694964547266805 0.0 -4.907149592665633e-15
86 -1.9647766923758883e-15 -0.2269496454726661 -4.907149592665633e-15
87 6.900679114686046e-15 0.0 -6.900679114686046e-15
88 -5.94225145986854e-15 -5.94225145986854e-15 -5.9039143536758395e-15
89 0.17021223410450081 0.17021223410450081 -1.936023862731363e-15
90 2.9423729002897447e-15 -0.17021223410449982 0.17021223410450081
91 -1.955192415827713e-15 0.0 0.22694964547266905
92 0.0 -4.907149592665633e-15 0.22694964547266805
93 -0.11347482273633455 0.11347482273633452 0.11347482273633452
94 0.1702122341045018 1.916855309635013e-17 0.1702122341045018
95 -3.919969108203601e-15 3.919969108203601e-15 0.2269496454726671
96 3.900800555107251e-15 -9.775962079138566e-16 0.22694964547266805
97 -9.775962079138566e-16 3.900800555107251e-15 0.22694964547266805
98 0.11347482273633452 -0.11347482273633455 0.11347482273633452
99 -4.907149592665633e-15 0.0 0.22694964547266805
100 3.919969108203601e-15 -3.919969108203601e-15 0.2269496454726671
101 1.916855309635013e-17 0.1702122341045018 0.1702122341045018
102 0.0 -1.955192415827713e-15 0.22694964547266905
103 -0.17021223410449982 2.9423729002897447e-15 0.17021223410450081
104 0.0 -0.17021223410449984 0.1702122341045018
105 -0.17021223410449984 0.0 0.1702122341045018
106 0.17021223410450081 -1.936023862731363e-15 0.17021223410450081
107 -1.936023862731363e-15 0.17021223410450081 0.17021223410450081
