0 0.0 0.0 -0.22694964547266513
1 -0.11347482273633257 -0.11347482273633257 -0.11347482273633257
2 -0.17021223410449984 -1.955192415827713e-15 -0.17021223410449984
3 0.0 5.92308290677219e-15 -0.22694964547266513
4 -0.17021223410449884 -3.948721937848127e-15 -0.17021223410449884
5 0.0 0.0 -0.22694964547266713
6 -0.17021223410449787 5.884745800579489e-15 -0.17021223410449787
7 0.0 0.17021223410449296 -0.17021223410449687
8 -1.955192415827713e-15 -0.17021223410449984 -0.17021223410449984
9 5.92308290677219e-15 0.0 -0.22694964547266513
10 -1.955192415827713e-15 -1.955192415827713e-15 -0.22694964547266713
11 4.945486698858333e-15 4.926318145761983e-15 -0.2269496454726651
12 -1.9647766923758883e-15 -4.907149592665633e-15 -0.2269496454726661
13 3.900800555107251e-15 0.0 -0.2269496454726671
14 -9.584276548175064e-16 8.836702977417409e-15 -0.2269496454726651
15 3.1915640905422963e-15 0.17021223410449174 -0.17021223410449682
16 -3.948721937848127e-15 -0.17021223410449884 -0.17021223410449884
17 0.0 0.0 -0.22694964547266713
18 -4.907149592665633e-15 -1.9647766923758883e-15 -0.2269496454726661
19 0.0 3.900800555107251e-15 -0.2269496454726671
20 -4.926318145761983e-15 -4.945486698858333e-15 -0.2269496454726651
21 0.0 0.0 -0.2269496454726691
22 -4.159576021907978e-15 9.076309891121786e-15 -0.2269496454726641
23 0.0 0.17021223410449296 -0.17021223410449882
24 5.884745800579489e-15 -0.17021223410449787 -0.17021223410449787
25 0.17021223410449296 0.0 -0.17021223410449687
26 8.836702977417409e-15 -9.584276548175064e-16 -0.2269496454726651
27 0.17021223410449174 3.1915640905422963e-15 -0.17021223410449682
28 9.076309891121786e-15 -4.159576021907978e-15 -0.2269496454726641
29 0.17021223410449296 0.0 -0.17021223410449882
30 8.07954513011158e-15 8.07954513011158e-15 -0.2269496454726631
31 0.1134748227363264 0.1134748227363264 -0.11347482273632857
32 -0.22694964547266513 0.0 0.0
33 0.0 -0.22694964547266513 0.0
34 0.0 -0.22694964547266713 0.0
35 -7.897443875696253e-15 0.0 0.0
36 5.92308290677219e-15 -0.22694964547266513 0.0
37 -3.910384831655426e-15 0.0 0.0
38 0.0 -1.936023862731363e-15 -1.916855309635013e-17
39 -6.900679114686046e-15 6.900679114686046e-15 0.0
40 0.0 -7.897443875696253e-15 0.0
41 -0.22694964547266713 0.0 0.0
42 0.0 -5.9039143536758395e-15 -1.916855309635013e-17
43 -5.9039143536758395e-15 0.0 -1.916855309635013e-17
44 6.900679114686046e-15 -2.961541453386095e-15 0.0
45 -2.961541453386095e-15 6.900679114686046e-15 0.0
46 0.0 1.175032304806263e-14 -1.916855309635013e-17
47 -5.165925059466359e-15 0.22694964547265603 0.0
48 0.0 -3.910384831655426e-15 0.0
49 -0.22694964547266513 5.92308290677219e-15 0.0
50 0.17021223410449296 -0.17021223410449687 0.0
51 1.175032304806263e-14 0.0 0.0
52 6.900679114686046e-15 -6.900679114686046e-15 0.0
53 -1.936023862731363e-15 0.0 -1.916855309635013e-17
54 0.22694964547265728 -1.945608139279538e-15 0.0
55 1.1989929961767005e-14 6.124352714283866e-15 0.0
56 0.0 1.175032304806263e-14 0.0
57 -0.17021223410449687 0.17021223410449296 0.0
58 0.22694964547265603 -5.165925059466359e-15 0.0
59 1.175032304806263e-14 0.0 -1.916855309635013e-17
60 6.124352714283866e-15 1.1989929961767005e-14 0.0
61 -1.945608139279538e-15 0.22694964547265728 0.0
62 0.22694964547265503 8.07954513011158e-15 0.0
63 8.07954513011158e-15 0.22694964547265503 0.0
64 -5.9039143536758395e-15 -5.9039143536758395e-15 -1.9743609689240634e-15
65 0.0 0.0 3.833710619270026e-17
66 -0.22694964547266713 -1.955192415827713e-15 -1.955192415827713e-15
67 0.0 6.900679114686046e-15 -2.9519571768379198e-15
68 -9.584276548175064e-16 1.175032304806263e-14 -9.488433782693313e-16
69 4.159576021907978e-15 0.22694964547265603 -9.775962079138566e-16
70 -5.118003676725484e-15 1.1989929961767005e-14 -9.680119313656815e-16
71 0.0 0.22694964547265728 2.8752829644525195e-17
72 -0.2269496454726651 8.836702977417409e-15 -9.584276548175064e-16
73 0.0 0.22694964547265728 -1.945608139279538e-15
74 -1.955192415827713e-15 -1.955192415827713e-15 -1.936023862731363e-15
75 5.9039143536758395e-15 5.9039143536758395e-15 -1.9743609689240634e-15
76 8.836702977417409e-15 -0.2269496454726651 -9.584276548175064e-16
77 0.22694964547265728 0.0 -1.945608139279538e-15
78 -4.907149592665633e-15 -0.2269496454726661 -1.9647766923758883e-15
79 0.0 0.0 -1.936023862731363e-15
80 -0.2269496454726661 -4.907149592665633e-15 -1.9647766923758883e-15
81 0.0 0.0 -1.936023862731363e-15
82 1.175032304806263e-14 -9.488433782693313e-16 -9.488433782693313e-16
83 0.22694964547265603 4.159576021907978e-15 -9.775962079138566e-16
84 0.0 0.0 -3.910384831655426e-15
85 -0.17021223410449984 -0.17021223410449984 -1.955192415827713e-15
86 -5.9039143536758395e-15 -1.9647766923758883e-15 -1.955192415827713e-15
87 0.0 4.897565316117458e-15 -9.775962079138566e-16
88 1.1989929961767005e-14 -5.118003676725484e-15 -9.680119313656815e-16
89 0.22694964547265728 0.0 2.8752829644525195e-17
90 -1.9647766923758883e-15 -5.9039143536758395e-15 -1.955192415827713e-15
91 4.897565316117458e-15 0.0 -9.775962079138566e-16
92 -1.955192415827713e-15 -0.22694964547266713 -1.955192415827713e-15
93 6.900679114686046e-15 0.0 -2.9519571768379198e-15
94 1.1031502306949499e-14 1.1031502306949499e-14 3.833710619270026e-17
95 0.17021223410449074 0.17021223410449074 1.916855309635013e-17
96 5.9039143536758395e-15 -5.9039143536758395e-15 5.94225145986854e-15
97 -9.775962079138566e-16 0.0 4.897565316117458e-15
98 0.0 -2.9519571768379198e-15 6.900679114686046e-15
99 -0.2269496454726651 4.926318145761983e-15 4.945486698858333e-15
100 -0.22694964547266513 0.0 5.92308290677219e-15
101 0.0 -0.22694964547266513 5.92308290677219e-15
102 0.17021223410449174 -0.17021223410449682 3.1915640905422963e-15
103 1.1989929961767005e-14 0.0 6.124352714283866e-15
104 0.0 -9.680119313656815e-16 4.897565316117458e-15
105 -5.9039143536758395e-15 5.9039143536758395e-15 5.94225145986854e-15
106 5.884745800579489e-15 -1.9743609689240634e-15 5.9039143536758395e-15
107 -1.9743609689240634e-15 5.884745800579489e-15 5.9039143536758395e-15
108 5.14675650637001e-15 1.2267873981664082e-14 5.14675650637001e-15
109 -9.775962079138566e-16 0.22694964547265603 4.159576021907978e-15
110 0.22694964547265603 -9.775962079138566e-16 4.159576021907978e-15
111 1.2267873981664082e-14 5.14675650637001e-15 5.14675650637001e-15
112 0.0 -6.900679114686046e-15 6.900679114686046e-15
113 -0.2269496454726671 0.0 3.900800555107251e-15
114 0.0 -4.878396763021108e-15 4.897565316117458e-15
115 -4.878396763021108e-15 0.0 4.897565316117458e-15
116 4.926318145761983e-15 -0.2269496454726651 4.945486698858333e-15
117 -2.9519571768379198e-15 0.0 6.900679114686046e-15
118 0.22694964547265478 -4.169160298456153e-15 4.1499917453598025e-15
119 1.1989929961767005e-14 0.0 4.111654639167103e-15
120 0.0 1.1989929961767005e-14 6.124352714283866e-15
121 -0.17021223410449682 0.17021223410449174 3.1915640905422963e-15
122 0.0 -0.2269496454726671 3.900800555107251e-15
123 -6.900679114686046e-15 0.0 6.900679114686046e-15
124 0.0 1.1989929961767005e-14 4.111654639167103e-15
125 -4.169160298456153e-15 0.22694964547265478 4.1499917453598025e-15
126 0.22694964547265378 8.319152043815956e-15 3.392833898053973e-15
127 8.319152043815956e-15 0.22694964547265378 3.392833898053973e-15
128 9.076309891121786e-15 -0.2269496454726641 -4.159576021907978e-15
129 0.22694964547265603 0.0 -5.165925059466359e-15
130 -1.9743609689240634e-15 -5.9039143536758395e-15 -5.884745800579489e-15
131 4.897565316117458e-15 0.0 -4.878396763021108e-15
132 -0.2269496454726641 9.076309891121786e-15 -4.159576021907978e-15
133 0.0 0.22694964547265603 -5.165925059466359e-15
134 -5.94225145986854e-15 -5.94225145986854e-15 -5.9039143536758395e-15
135 0.0 0.0 -3.891216278559076e-15
136 -4.945486698858333e-15 -0.2269496454726651 -4.926318145761983e-15
137 0.0 0.0 -5.9039143536758395e-15
138 1.1989929961767005e-14 -9.680119313656815e-16 -5.118003676725484e-15
139 0.22694964547265478 4.159576021907978e-15 -4.169160298456153e-15
140 -1.9647766923758883e-15 -1.9647766923758883e-15 -5.9039143536758395e-15
141 5.94225145986854e-15 5.94225145986854e-15 -5.9039143536758395e-15
142 -1.9647766923758883e-15 -0.2269496454726661 -4.907149592665633e-15
143 6.900679114686046e-15 0.0 -6.900679114686046e-15
144 -0.2269496454726661 -1.9647766923758883e-15 -4.907149592665633e-15
145 0.0 6.900679114686046e-15 -6.900679114686046e-15
146 -5.1563407829181846e-15 1.2267873981664082e-14 -5.137172229821834e-15
147 0.0 0.22694964547265603 -3.1532269843495963e-15
148 1.2267873981664082e-14 -5.1563407829181846e-15 -5.137172229821834e-15
149 0.22694964547265603 0.0 -3.1532269843495963e-15
150 -9.680119313656815e-16 1.1989929961767005e-14 -5.118003676725484e-15
151 4.159576021907978e-15 0.22694964547265478 -4.169160298456153e-15
152 -5.9039143536758395e-15 -1.9743609689240634e-15 -5.884745800579489e-15
153 0.0 4.897565316117458e-15 -4.878396763021108e-15
154 -0.2269496454726651 -4.945486698858333e-15 -4.926318145761983e-15
155 0.0 0.0 -5.9039143536758395e-15
156 0.0 0.0 -7.897443875696253e-15
157 -0.17021223410449884 -0.17021223410449884 -3.948721937848127e-15
158 1.1232772114461175e-14 1.1271109220653875e-14 -4.370430105967829e-15
159 0.1702122341044895 0.1702122341044895 -2.4344062432364663e-15
160 4.111654639167103e-15 1.1989929961767005e-14 0.0
161 2.8752829644525195e-17 0.22694964547265728 0.0
162 3.900800555107251e-15 -0.2269496454726671 0.0
163 -1.955192415827713e-15 0.0 0.0
164 4.897565316117458e-15 -4.878396763021108e-15 0.0
165 2.8752829644525195e-17 0.0 0.0
166 0.22694964547265728 2.8752829644525195e-17 0.0
167 1.1989929961767005e-14 4.111654639167103e-15 0.0
168 0.0 2.8752829644525195e-17 0.0
169 -4.878396763021108e-15 4.897565316117458e-15 0.0
170 0.0 1.175032304806263e-14 0.0
171 -3.1532269843495963e-15 0.22694964547265603 0.0
172 4.897565316117458e-15 -9.680119313656815e-16 0.0
173 -9.680119313656815e-16 4.897565316117458e-15 0.0
174 0.0 -1.955192415827713e-15 0.0
175 -0.2269496454726671 3.900800555107251e-15 0.0
176 -0.22694964547266713 0.0 0.0
177 0.0 -0.22694964547266713 0.0
178 0.22694964547265603 -3.1532269843495963e-15 0.0
179 1.175032304806263e-14 0.0 0.0
180 0.0 -0.2269496454726691 0.0
181 -5.9039143536758395e-15 0.0 0.0
182 0.0 1.175032304806263e-14 0.0
183 -0.17021223410449882 0.17021223410449296 0.0
184 0.17021223410449296 -0.17021223410449882 0.0
185 1.175032304806263e-14 0.0 0.0
186 0.0 -3.891216278559076e-15 0.0
187 -3.891216278559076e-15 0.0 0.0
188 0.0 -5.9039143536758395e-15 0.0
189 -0.2269496454726691 0.0 0.0
190 0.22694964547265503 8.07954513011158e-15 0.0
191 8.07954513011158e-15 0.22694964547265503 0.0
192 -4.370430105967829e-15 1.1271109220653875e-14 1.1232772114461175e-14
193 0.0 0.22694964547265503 8.07954513011158e-15
194 1.1021918030401324e-14 3.833710619270026e-17 1.0993165200756799e-14
195 0.22694964547265378 3.392833898053973e-15 8.319152043815956e-15
196 -4.159576021907978e-15 -0.2269496454726641 9.076309891121786e-15
197 0.0 0.0 1.175032304806263e-14
198 -9.488433782693313e-16 -9.584276548175064e-16 1.175032304806263e-14
199 5.137172229821834e-15 5.137172229821834e-15 1.2267873981664082e-14
200 3.833710619270026e-17 1.1021918030401324e-14 1.0993165200756799e-14
201 3.392833898053973e-15 0.22694964547265378 8.319152043815956e-15
202 -9.680119313656815e-16 -5.118003676725484e-15 1.1989929961767005e-14
203 4.111654639167103e-15 0.0 1.1989929961767005e-14
204 -5.137172229821834e-15 -5.137172229821834e-15 1.2267873981664082e-14
205 0.0 0.0 1.175032304806263e-14
206 -0.2269496454726631 8.069960853563404e-15 8.07954513011158e-15
207 0.0 0.22694964547265503 8.07954513011158e-15
208 1.1271109220653875e-14 -4.370430105967829e-15 1.1232772114461175e-14
209 0.22694964547265503 0.0 8.07954513011158e-15
210 8.069960853563404e-15 -0.2269496454726631 8.07954513011158e-15
211 0.22694964547265503 0.0 8.07954513011158e-15
212 0.0 0.0 1.175032304806263e-14
213 -0.17021223410449787 -0.17021223410449787 5.884745800579489e-15
214 -0.2269496454726651 -9.584276548175064e-16 8.836702977417409e-15
215 0.0 6.124352714283866e-15 1.1989929961767005e-14
216 -5.118003676725484e-15 -9.680119313656815e-16 1.1989929961767005e-14
217 0.0 4.111654639167103e-15 1.1989929961767005e-14
218 -9.584276548175064e-16 -0.2269496454726651 8.836702977417409e-15
219 6.124352714283866e-15 0.0 1.1989929961767005e-14
220 -0.2269496454726641 -4.159576021907978e-15 9.076309891121786e-15
221 0.0 0.0 1.175032304806263e-14
222 1.0274344459643669e-14 1.025517590654732e-14 1.0236007353450968e-14
223 0.1702122341044885 0.1702122341044885 4.370430105967829e-15
224 0.0 -0.17021223410449687 0.17021223410449296
225 -0.17021223410449687 0.0 0.17021223410449296
226 0.0 -3.1532269843495963e-15 0.22694964547265603
227 -3.1532269843495963e-15 0.0 0.22694964547265603
228 4.159576021907978e-15 -9.775962079138566e-16 0.22694964547265603
229 -9.775962079138566e-16 4.159576021907978e-15 0.22694964547265603
230 0.0 -5.165925059466359e-15 0.22694964547265603
231 -0.17021223410449882 0.0 0.17021223410449296
232 0.0 2.8752829644525195e-17 0.22694964547265728
233 -4.1499917453598025e-15 4.169160298456153e-15 0.22694964547265478
234 0.1134748227363264 -0.11347482273632857 0.1134748227363264
235 8.07954513011158e-15 0.0 0.22694964547265503
236 4.169160298456153e-15 -4.1499917453598025e-15 0.22694964547265478
237 2.8752829644525195e-17 0.0 0.22694964547265728
238 0.1702122341044895 -2.4344062432364663e-15 0.1702122341044895
239 8.07954513011158e-15 0.0 0.22694964547265503
240 0.0 -0.17021223410449882 0.17021223410449296
241 -5.165925059466359e-15 0.0 0.22694964547265603
242 3.392833898053973e-15 8.319152043815956e-15 0.22694964547265378
243 1.916855309635013e-17 0.17021223410449074 0.17021223410449074
244 0.0 -1.945608139279538e-15 0.22694964547265728
245 -0.17021223410449682 3.1915640905422963e-15 0.17021223410449174
246 0.0 8.07954513011158e-15 0.22694964547265503
247 -2.4344062432364663e-15 0.1702122341044895 0.1702122341044895
248 3.1915640905422963e-15 -0.17021223410449682 0.17021223410449174
249 -1.945608139279538e-15 0.0 0.22694964547265728
250 0.0 8.07954513011158e-15 0.22694964547265503
251 -0.11347482273632857 0.1134748227363264 0.1134748227363264
252 0.17021223410449074 1.916855309635013e-17 0.17021223410449074
253 8.319152043815956e-15 3.392833898053973e-15 0.22694964547265378
254 0.1702122341044885 4.370430105967829e-15 0.1702122341044885
255 4.370430105967829e-15 0.1702122341044885 0.1702122341044885
