0 0.0 0.0 -0.22694964547266513
1 -0.11347482273633257 -0.11347482273633257 -0.11347482273633257
2 -0.17021223410449984 -1.955192415827713e-15 -0.17021223410449984
3 0.0 5.92308290677219e-15 -0.22694964547266513
4 -0.17021223410449884 -3.948721937848127e-15 -0.17021223410449884
5 0.0 0.0 -0.22694964547266713
6 -0.17021223410449787 5.884745800579489e-15 -0.17021223410449787
7 0.0 -8.836702977417409e-15 -0.22694964547266414
8 -0.17021223410449787 5.884745800579489e-15 -0.17021223410449787
9 0.0 -1.5392348136369152e-14 -0.22694964547266638
10 -0.1702122341045001 1.0274344459643669e-14 -0.1702122341045001
11 0.0 0.17021223410449296 -0.17021223410449687
12 -1.955192415827713e-15 -0.17021223410449984 -0.17021223410449984
13 5.92308290677219e-15 0.0 -0.22694964547266513
14 -1.955192415827713e-15 -1.955192415827713e-15 -0.22694964547266713
15 4.945486698858333e-15 4.926318145761983e-15 -0.2269496454726651
16 -1.9647766923758883e-15 -4.907149592665633e-15 -0.2269496454726661
17 3.900800555107251e-15 0.0 -0.2269496454726671
18 -9.584276548175064e-16 8.836702977417409e-15 -0.2269496454726651
19 4.159576021907978e-15 -9.076309891121786e-15 -0.2269496454726641
20 -9.584276548175064e-16 8.836702977417409e-15 -0.2269496454726651
21 4.40876721216053e-15 -1.7893844315442844e-14 -0.22694964547266638
22 -2.1947993295320897e-15 1.6657472640728263e-14 -0.22694964547266736
23 3.1915640905422963e-15 0.17021223410449174 -0.17021223410449682
24 -3.948721937848127e-15 -0.17021223410449884 -0.17021223410449884
25 0.0 0.0 -0.22694964547266713
26 -4.907149592665633e-15 -1.9647766923758883e-15 -0.2269496454726661
27 0.0 3.900800555107251e-15 -0.2269496454726671
28 -4.926318145761983e-15 -4.945486698858333e-15 -0.2269496454726651
29 0.0 0.0 -0.2269496454726691
30 -4.159576021907978e-15 9.076309891121786e-15 -0.2269496454726641
31 0.0 -8.836702977417409e-15 -0.2269496454726661
32 -4.159576021907978e-15 9.076309891121786e-15 -0.2269496454726641
33 0.0 -1.788426003889467e-14 -0.22694964547266835
34 -4.40876721216053e-15 1.7893844315442844e-14 -0.22694964547266638
35 0.0 0.17021223410449296 -0.17021223410449882
36 5.884745800579489e-15 -0.17021223410449787 -0.17021223410449787
37 -8.836702977417409e-15 0.0 -0.22694964547266414
38 8.836702977417409e-15 -9.584276548175064e-16 -0.2269496454726651
39 -9.076309891121786e-15 4.159576021907978e-15 -0.2269496454726641
40 9.076309891121786e-15 -4.159576021907978e-15 -0.2269496454726641
41 -8.836702977417409e-15 0.0 -0.2269496454726661
42 8.07954513011158e-15 8.07954513011158e-15 -0.2269496454726631
43 -8.07954513011158e-15 -8.07954513011158e-15 -0.2269496454726631
44 8.07954513011158e-15 8.07954513011158e-15 -0.2269496454726631
45 -8.558758957520332e-15 -1.6628719811083737e-14 -0.22694964547266538
46 8.558758957520332e-15 1.6628719811083737e-14 -0.22694964547266538
47 -5.12758795327366e-15 0.17021223410449074 -0.17021223410449582
48 5.884745800579489e-15 -0.17021223410449787 -0.17021223410449787
49 -1.5392348136369152e-14 0.0 -0.22694964547266638
50 8.836702977417409e-15 -9.584276548175064e-16 -0.2269496454726651
51 -1.7893844315442844e-14 4.40876721216053e-15 -0.22694964547266638
52 9.076309891121786e-15 -4.159576021907978e-15 -0.2269496454726641
53 -1.788426003889467e-14 0.0 -0.22694964547266835
54 8.07954513011158e-15 8.07954513011158e-15 -0.2269496454726631
55 -1.6628719811083737e-14 -8.558758957520332e-15 -0.22694964547266538
56 8.07954513011158e-15 8.07954513011158e-15 -0.2269496454726631
57 -1.6647888364180087e-14 -1.6628719811083737e-14 -0.2269496454726676
58 8.558758957520332e-15 1.6628719811083737e-14 -0.22694964547266538
59 -1.0264760183095493e-14 0.1702122341044937 -0.1702122341044981
60 1.0274344459643669e-14 -0.1702122341045001 -0.1702122341045001
61 0.17021223410449296 0.0 -0.17021223410449687
62 1.6657472640728263e-14 -2.1947993295320897e-15 -0.22694964547266736
63 0.17021223410449174 3.1915640905422963e-15 -0.17021223410449682
64 1.7893844315442844e-14 -4.40876721216053e-15 -0.22694964547266638
65 0.17021223410449296 0.0 -0.17021223410449882
66 1.6628719811083737e-14 8.558758957520332e-15 -0.22694964547266538
67 0.17021223410449074 -5.12758795327366e-15 -0.17021223410449582
68 1.6628719811083737e-14 8.558758957520332e-15 -0.22694964547266538
69 0.1702122341044937 -1.0264760183095493e-14 -0.1702122341044981
70 1.6628719811083737e-14 1.6647888364180087e-14 -0.2269496454726676
71 0.1134748227363264 0.1134748227363264 -0.11347482273632857
72 0.0 1.175032304806263e-14 0.0
73 -0.22694964547266638 -1.5392348136369152e-14 0.0
74 -8.836702977417409e-15 -0.22694964547266414 0.0
75 1.175032304806263e-14 0.0 0.0
76 6.124352714283866e-15 1.1989929961767005e-14 0.0
77 -1.945608139279538e-15 -1.175032304806263e-14 0.0
78 -1.175032304806263e-14 -1.945608139279538e-15 0.0
79 1.1989929961767005e-14 6.124352714283866e-15 0.0
80 0.0 -7.897443875696253e-15 0.0
81 -0.22694964547266713 0.0 0.0
82 -1.1989929961767005e-14 -6.124352714283866e-15 0.0
83 1.175032304806263e-14 0.0 -1.916855309635013e-17
84 6.124352714283866e-15 1.1989929961767005e-14 0.0
85 -3.172395537445946e-15 -2.1794644870550097e-14 0.0
86 -1.1031502306949499e-14 1.1031502306949499e-14 0.0
87 1.1031502306949499e-14 -1.1031502306949499e-14 0.0
88 0.0 2.0529520366190987e-14 0.0
89 -0.17021223410449687 0.17021223410449296 0.0
90 -1.1031502306949499e-14 1.1031502306949499e-14 0.0
91 1.1529884687454602e-14 -2.176589204090557e-14 0.0
92 6.392712457632768e-15 2.303101654526468e-14 0.0
93 -1.945608139279538e-15 0.22694964547265728 0.0
94 -1.1529884687454602e-14 2.176589204090557e-14 0.0
95 8.07954513011158e-15 0.22694964547265503 0.0
96 0.0 -3.910384831655426e-15 0.0
97 -0.22694964547266513 5.92308290677219e-15 0.0
98 -1.5392348136369152e-14 -0.22694964547266638 0.0
99 1.175032304806263e-14 0.0 0.0
100 0.0 -0.22694964547266713 0.0
101 -7.897443875696253e-15 0.0 0.0
102 -2.1794644870550097e-14 -3.172395537445946e-15 0.0
103 1.1989929961767005e-14 6.124352714283866e-15 0.0
104 5.92308290677219e-15 -0.22694964547266513 0.0
105 -3.910384831655426e-15 0.0 0.0
106 -2.303101654526468e-14 -6.392712457632768e-15 0.0
107 1.175032304806263e-14 0.0 -1.916855309635013e-17
108 0.0 -1.936023862731363e-15 -1.916855309635013e-17
109 -6.900679114686046e-15 6.900679114686046e-15 0.0
110 -2.176589204090557e-14 1.1529884687454602e-14 0.0
111 1.1031502306949499e-14 -1.1031502306949499e-14 0.0
112 0.0 1.175032304806263e-14 0.0
113 -0.22694964547266414 -8.836702977417409e-15 0.0
114 -2.176589204090557e-14 1.1529884687454602e-14 0.0
115 1.1529884687454602e-14 -2.176589204090557e-14 0.0
116 0.0 -5.9039143536758395e-15 -1.916855309635013e-17
117 -5.9039143536758395e-15 0.0 -1.916855309635013e-17
118 -2.176589204090557e-14 2.176589204090557e-14 0.0
119 8.07954513011158e-15 0.22694964547265503 0.0
120 6.900679114686046e-15 -2.961541453386095e-15 0.0
121 -2.961541453386095e-15 6.900679114686046e-15 0.0
122 0.17021223410449296 -0.17021223410449687 0.0
123 2.0529520366190987e-14 0.0 0.0
124 0.0 1.175032304806263e-14 -1.916855309635013e-17
125 -6.124352714283866e-15 -1.1989929961767005e-14 0.0
126 0.22694964547265728 -1.945608139279538e-15 0.0
127 2.303101654526468e-14 6.392712457632768e-15 0.0
128 -0.22694964547266513 0.0 0.0
129 0.0 -0.22694964547266513 0.0
130 0.22694964547265603 -5.165925059466359e-15 0.0
131 2.3021432268716503e-14 0.0 0.0
132 0.0 1.175032304806263e-14 -1.916855309635013e-17
133 -6.392712457632768e-15 -2.303101654526468e-14 0.0
134 0.22694964547265503 8.07954513011158e-15 0.0
135 2.176589204090557e-14 -1.1529884687454602e-14 0.0
136 6.900679114686046e-15 -6.900679114686046e-15 0.0
137 -1.936023862731363e-15 0.0 -1.916855309635013e-17
138 0.22694964547265503 8.07954513011158e-15 0.0
139 2.176589204090557e-14 -2.176589204090557e-14 0.0
140 0.0 2.3021432268716503e-14 0.0
141 -5.165925059466359e-15 0.22694964547265603 0.0
142 0.226949645472658 1.5401932412917328e-14 0.0
143 1.5401932412917328e-14 0.226949645472658 0.0
144 -9.584276548175064e-16 1.175032304806263e-14 -9.488433782693313e-16
145 5.386363420074386e-15 -2.4257803943431087e-14 -2.204383606080265e-15
146 -0.22694964547266713 -1.955192415827713e-15 -1.955192415827713e-15
147 0.0 6.900679114686046e-15 -2.9519571768379198e-15
148 8.836702977417409e-15 -0.2269496454726651 -9.584276548175064e-16
149 -2.1794644870550097e-14 0.0 -3.172395537445946e-15
150 -5.118003676725484e-15 1.1989929961767005e-14 -9.680119313656815e-16
151 0.0 -2.4248219666882912e-14 -1.198034568521883e-15
152 -1.955192415827713e-15 -1.955192415827713e-15 -1.936023862731363e-15
153 5.9039143536758395e-15 5.9039143536758395e-15 -1.9743609689240634e-15
154 1.175032304806263e-14 -9.488433782693313e-16 -9.488433782693313e-16
155 -2.4257803943431087e-14 5.386363420074386e-15 -2.204383606080265e-15
156 -2.1852150529839146e-15 2.3021432268716503e-14 -2.1852150529839146e-15
157 4.159576021907978e-15 0.22694964547265603 -9.775962079138566e-16
158 -5.386363420074386e-15 2.4257803943431087e-14 -2.204383606080265e-15
159 0.0 0.22694964547265728 2.8752829644525195e-17
160 1.1989929961767005e-14 -5.118003676725484e-15 -9.680119313656815e-16
161 -2.4248219666882912e-14 0.0 -1.198034568521883e-15
162 -0.2269496454726651 8.836702977417409e-15 -9.584276548175064e-16
163 0.0 -1.175032304806263e-14 -1.945608139279538e-15
164 -0.22694964547266736 1.6657472640728263e-14 -2.1947993295320897e-15
165 0.0 0.22694964547265728 -1.945608139279538e-15
166 1.1031502306949499e-14 1.1031502306949499e-14 3.833710619270026e-17
167 -2.299267943907198e-14 -1.1529884687454602e-14 -1.188450291973708e-15
168 8.836702977417409e-15 -0.2269496454726651 -9.584276548175064e-16
169 -1.175032304806263e-14 0.0 -1.945608139279538e-15
170 -4.907149592665633e-15 -0.2269496454726661 -1.9647766923758883e-15
171 0.0 0.0 -1.936023862731363e-15
172 1.1031502306949499e-14 1.1031502306949499e-14 3.833710619270026e-17
173 -2.299267943907198e-14 -2.299267943907198e-14 -2.4344062432364663e-15
174 -1.9647766923758883e-15 -5.9039143536758395e-15 -1.955192415827713e-15
175 4.897565316117458e-15 0.0 -9.775962079138566e-16
176 1.175032304806263e-14 -9.488433782693313e-16 -9.488433782693313e-16
177 -1.1989929961767005e-14 5.118003676725484e-15 -9.680119313656815e-16
178 1.1529884687454602e-14 2.299267943907198e-14 -1.188450291973708e-15
179 -1.6628719811083737e-14 0.226949645472658 -1.207618845070058e-15
180 -0.2269496454726661 -4.907149592665633e-15 -1.9647766923758883e-15
181 0.0 0.0 -1.936023862731363e-15
182 -5.9039143536758395e-15 -1.955192415827713e-15 -1.955192415827713e-15
183 0.0 4.897565316117458e-15 -9.775962079138566e-16
184 1.6657472640728263e-14 -0.22694964547266736 -2.1947993295320897e-15
185 0.22694964547265728 0.0 -1.945608139279538e-15
186 1.1989929961767005e-14 -5.118003676725484e-15 -9.680119313656815e-16
187 -1.175032304806263e-14 0.0 2.8752829644525195e-17
188 0.0 0.0 -3.910384831655426e-15
189 -0.17021223410449984 -0.17021223410449984 -1.955192415827713e-15
190 2.3021432268716503e-14 -2.1852150529839146e-15 -2.1852150529839146e-15
191 0.22694964547265603 4.159576021907978e-15 -9.775962079138566e-16
192 -9.584276548175064e-16 1.175032304806263e-14 -9.488433782693313e-16
193 5.118003676725484e-15 -1.1989929961767005e-14 -9.680119313656815e-16
194 1.1031502306949499e-14 1.1031502306949499e-14 3.833710619270026e-17
195 -1.1031502306949499e-14 -1.1031502306949499e-14 3.833710619270026e-17
196 2.4257803943431087e-14 -5.386363420074386e-15 -2.204383606080265e-15
197 0.22694964547265728 0.0 2.8752829644525195e-17
198 -5.9039143536758395e-15 -5.9039143536758395e-15 -1.9743609689240634e-15
199 0.0 0.0 3.833710619270026e-17
200 -1.955192415827713e-15 -0.22694964547266713 -1.955192415827713e-15
201 6.900679114686046e-15 0.0 -2.9519571768379198e-15
202 2.299267943907198e-14 1.1529884687454602e-14 -1.188450291973708e-15
203 0.22694964547265503 -8.07954513011158e-15 3.833710619270026e-17
204 1.1031502306949499e-14 1.1031502306949499e-14 3.833710619270026e-17
205 -1.1529884687454602e-14 -2.299267943907198e-14 -1.188450291973708e-15
206 -0.2269496454726651 8.836702977417409e-15 -9.584276548175064e-16
207 0.0 -2.1794644870550097e-14 -3.172395537445946e-15
208 2.299267943907198e-14 1.1529884687454602e-14 -1.188450291973708e-15
209 0.226949645472658 -1.6628719811083737e-14 -1.207618845070058e-15
210 -5.118003676725484e-15 1.1989929961767005e-14 -9.680119313656815e-16
211 0.0 -1.175032304806263e-14 2.8752829644525195e-17
212 1.1529884687454602e-14 2.299267943907198e-14 -1.188450291973708e-15
213 -8.07954513011158e-15 0.22694964547265503 3.833710619270026e-17
214 2.299267943907198e-14 2.299267943907198e-14 -2.4344062432364663e-15
215 0.17021223410449074 0.17021223410449074 1.916855309635013e-17
216 5.9039143536758395e-15 -5.9039143536758395e-15 5.94225145986854e-15
217 -9.775962079138566e-16 0.0 4.897565316117458e-15
218 5.376779143526211e-15 2.5494175618145672e-14 5.376779143526211e-15
219 -9.775962079138566e-16 0.22694964547265603 4.159576021907978e-15
220 -1.2267873981664082e-14 -5.14675650637001e-15 5.14675650637001e-15
221 1.1989929961767005e-14 0.0 4.111654639167103e-15
222 -2.4229051113786564e-14 1.1769491601158979e-14 4.619621296220381e-15
223 1.1271109220653875e-14 -1.1271109220653875e-14 4.370430105967829e-15
224 0.0 1.1989929961767005e-14 4.111654639167103e-15
225 -5.14675650637001e-15 -1.2267873981664082e-14 5.14675650637001e-15
226 4.926318145761983e-15 -0.2269496454726651 4.945486698858333e-15
227 -2.9519571768379198e-15 0.0 6.900679114686046e-15
228 0.0 -2.9519571768379198e-15 6.900679114686046e-15
229 -0.2269496454726651 4.926318145761983e-15 4.945486698858333e-15
230 -2.4229051113786564e-14 1.1769491601158979e-14 4.619621296220381e-15
231 1.1769491601158979e-14 -2.4229051113786564e-14 4.619621296220381e-15
232 -1.1271109220653875e-14 1.1271109220653875e-14 4.370430105967829e-15
233 1.1271109220653875e-14 -1.1271109220653875e-14 4.370430105967829e-15
234 -0.22694964547266513 0.0 5.92308290677219e-15
235 0.0 -0.22694964547266513 5.92308290677219e-15
236 0.0 1.1989929961767005e-14 4.111654639167103e-15
237 -5.376779143526211e-15 -2.5494175618145672e-14 5.376779143526211e-15
238 -2.4229051113786564e-14 2.4229051113786564e-14 4.8688124864729326e-15
239 8.319152043815956e-15 0.22694964547265378 3.392833898053973e-15
240 0.0 -0.2269496454726671 3.900800555107251e-15
241 -6.900679114686046e-15 0.0 6.900679114686046e-15
242 -1.1271109220653875e-14 1.1271109220653875e-14 4.370430105967829e-15
243 1.1769491601158979e-14 -2.4229051113786564e-14 4.619621296220381e-15
244 5.14675650637001e-15 1.2267873981664082e-14 5.14675650637001e-15
245 -9.680119313656815e-16 -1.1989929961767005e-14 5.118003676725484e-15
246 0.17021223410449174 -0.17021223410449682 3.1915640905422963e-15
247 2.303101654526468e-14 0.0 6.392712457632768e-15
248 0.0 2.303101654526468e-14 6.392712457632768e-15
249 -0.17021223410449682 0.17021223410449174 3.1915640905422963e-15
250 0.0 2.5484591341597496e-14 4.380014382516005e-15
251 -4.169160298456153e-15 0.22694964547265478 4.1499917453598025e-15
252 -1.1769491601158979e-14 2.4229051113786564e-14 4.619621296220381e-15
253 8.319152043815956e-15 0.22694964547265378 3.392833898053973e-15
254 0.22694964547265603 -9.775962079138566e-16 4.159576021907978e-15
255 2.5494175618145672e-14 5.376779143526211e-15 5.376779143526211e-15
256 5.884745800579489e-15 -1.9743609689240634e-15 5.9039143536758395e-15
257 -1.9743609689240634e-15 5.884745800579489e-15 5.9039143536758395e-15
258 0.0 -9.680119313656815e-16 4.897565316117458e-15
259 -5.9039143536758395e-15 5.9039143536758395e-15 5.94225145986854e-15
260 0.0 -6.900679114686046e-15 6.900679114686046e-15
261 -0.2269496454726671 0.0 3.900800555107251e-15
262 0.22694964547265478 -4.169160298456153e-15 4.1499917453598025e-15
263 2.5484591341597496e-14 0.0 4.380014382516005e-15
264 -1.7893844315442844e-14 -0.22694964547266638 4.40876721216053e-15
265 1.1989929961767005e-14 0.0 6.124352714283866e-15
266 -9.076309891121786e-15 -0.2269496454726641 4.159576021907978e-15
267 1.1989929961767005e-14 0.0 6.124352714283866e-15
268 5.14675650637001e-15 1.2267873981664082e-14 5.14675650637001e-15
269 -2.204383606080265e-15 -2.4257803943431087e-14 5.386363420074386e-15
270 0.22694964547265378 8.319152043815956e-15 3.392833898053973e-15
271 2.4229051113786564e-14 -1.1769491601158979e-14 4.619621296220381e-15
272 0.0 1.1989929961767005e-14 6.124352714283866e-15
273 -0.22694964547266638 -1.7893844315442844e-14 4.40876721216053e-15
274 -2.4257803943431087e-14 -2.204383606080265e-15 5.386363420074386e-15
275 1.2267873981664082e-14 5.14675650637001e-15 5.14675650637001e-15
276 0.0 -4.878396763021108e-15 4.897565316117458e-15
277 -4.878396763021108e-15 0.0 4.897565316117458e-15
278 0.22694964547265378 8.319152043815956e-15 3.392833898053973e-15
279 2.4229051113786564e-14 -2.4229051113786564e-14 4.8688124864729326e-15
280 -1.1989929961767005e-14 -9.680119313656815e-16 5.118003676725484e-15
281 1.2267873981664082e-14 5.14675650637001e-15 5.14675650637001e-15
282 0.0 1.1989929961767005e-14 6.124352714283866e-15
283 -0.2269496454726641 -9.076309891121786e-15 4.159576021907978e-15
284 -2.5494175618145672e-14 -5.376779143526211e-15 5.376779143526211e-15
285 1.1989929961767005e-14 0.0 4.111654639167103e-15
286 0.22694964547265678 1.786509148579832e-14 3.661193641402875e-15
287 1.786509148579832e-14 0.22694964547265678 3.661193641402875e-15
288 1.1271109220653875e-14 1.1232772114461175e-14 -4.370430105967829e-15
289 -2.4229051113786564e-14 -2.4229051113786564e-14 -4.8688124864729326e-15
290 -1.9647766923758883e-15 -1.9647766923758883e-15 -5.9039143536758395e-15
291 5.94225145986854e-15 5.94225145986854e-15 -5.9039143536758395e-15
292 9.076309891121786e-15 -0.2269496454726641 -4.159576021907978e-15
293 -1.1989929961767005e-14 0.0 -6.124352714283866e-15
294 -9.680119313656815e-16 1.1989929961767005e-14 -5.118003676725484e-15
295 5.1563407829181846e-15 -1.2267873981664082e-14 -5.137172229821834e-15
296 1.1769491601158979e-14 2.4229051113786564e-14 -4.619621296220381e-15
297 -8.319152043815956e-15 0.22694964547265378 -3.392833898053973e-15
298 1.1769491601158979e-14 2.4229051113786564e-14 -4.619621296220381e-15
299 -1.786509148579832e-14 0.22694964547265678 -3.661193641402875e-15
300 -0.2269496454726651 -4.945486698858333e-15 -4.926318145761983e-15
301 0.0 0.0 -5.9039143536758395e-15
302 0.0 0.0 -7.897443875696253e-15
303 -0.17021223410449884 -0.17021223410449884 -3.948721937848127e-15
304 -5.1563407829181846e-15 1.2267873981664082e-14 -5.137172229821834e-15
305 0.0 -1.1989929961767005e-14 -4.111654639167103e-15
306 1.1989929961767005e-14 -9.680119313656815e-16 -5.118003676725484e-15
307 -1.2267873981664082e-14 5.1563407829181846e-15 -5.137172229821834e-15
308 1.7893844315442844e-14 -0.22694964547266638 -4.40876721216053e-15
309 0.22694964547265603 0.0 -5.165925059466359e-15
310 9.076309891121786e-15 -0.2269496454726641 -4.159576021907978e-15
311 -2.303101654526468e-14 0.0 -6.392712457632768e-15
312 -4.945486698858333e-15 -0.2269496454726651 -4.926318145761983e-15
313 0.0 0.0 -5.9039143536758395e-15
314 -1.9647766923758883e-15 -0.2269496454726661 -4.907149592665633e-15
315 6.900679114686046e-15 0.0 -6.900679114686046e-15
316 -0.2269496454726641 9.076309891121786e-15 -4.159576021907978e-15
317 0.0 -1.1989929961767005e-14 -6.124352714283866e-15
318 2.4257803943431087e-14 -2.204383606080265e-15 -5.386363420074386e-15
319 0.22694964547265478 4.159576021907978e-15 -4.169160298456153e-15
320 -9.680119313656815e-16 1.1989929961767005e-14 -5.118003676725484e-15
321 5.386363420074386e-15 -2.5494175618145672e-14 -5.386363420074386e-15
322 1.1989929961767005e-14 -9.680119313656815e-16 -5.118003676725484e-15
323 -2.5494175618145672e-14 5.386363420074386e-15 -5.386363420074386e-15
324 1.2267873981664082e-14 -5.1563407829181846e-15 -5.137172229821834e-15
325 -1.1989929961767005e-14 0.0 -4.111654639167103e-15
326 -5.1563407829181846e-15 1.2267873981664082e-14 -5.137172229821834e-15
327 0.0 -2.5484591341597496e-14 -4.380014382516005e-15
328 2.5494175618145672e-14 -5.386363420074386e-15 -5.386363420074386e-15
329 0.22694964547265603 0.0 -3.1532269843495963e-15
330 -1.9743609689240634e-15 -5.9039143536758395e-15 -5.884745800579489e-15
331 4.897565316117458e-15 0.0 -4.878396763021108e-15
332 -5.9039143536758395e-15 -1.9743609689240634e-15 -5.884745800579489e-15
333 0.0 4.897565316117458e-15 -4.878396763021108e-15
334 1.2267873981664082e-14 -5.1563407829181846e-15 -5.137172229821834e-15
335 -2.5484591341597496e-14 0.0 -4.380014382516005e-15
336 -0.22694964547266638 1.7893844315442844e-14 -4.40876721216053e-15
337 0.0 0.22694964547265603 -5.165925059466359e-15
338 2.4229051113786564e-14 1.1769491601158979e-14 -4.619621296220381e-15
339 0.22694964547265378 -8.319152043815956e-15 -3.392833898053973e-15
340 1.1232772114461175e-14 1.1271109220653875e-14 -4.370430105967829e-15
341 -1.1232772114461175e-14 -1.1271109220653875e-14 -4.370430105967829e-15
342 -0.2269496454726641 9.076309891121786e-15 -4.159576021907978e-15
343 0.0 -2.303101654526468e-14 -6.392712457632768e-15
344 -5.386363420074386e-15 2.5494175618145672e-14 -5.386363420074386e-15
345 0.0 0.22694964547265603 -3.1532269843495963e-15
346 1.1271109220653875e-14 1.1232772114461175e-14 -4.370430105967829e-15
347 -2.4229051113786564e-14 -1.1769491601158979e-14 -4.619621296220381e-15
348 2.4229051113786564e-14 1.1769491601158979e-14 -4.619621296220381e-15
349 0.22694964547265678 -1.786509148579832e-14 -3.661193641402875e-15
350 -0.2269496454726661 -1.9647766923758883e-15 -4.907149592665633e-15
351 0.0 6.900679114686046e-15 -6.900679114686046e-15
352 -2.204383606080265e-15 2.4257803943431087e-14 -5.386363420074386e-15
353 4.159576021907978e-15 0.22694964547265478 -4.169160298456153e-15
354 1.1232772114461175e-14 1.1271109220653875e-14 -4.370430105967829e-15
355 -1.1769491601158979e-14 -2.4229051113786564e-14 -4.619621296220381e-15
356 -5.94225145986854e-15 -5.94225145986854e-15 -5.9039143536758395e-15
357 0.0 0.0 -3.891216278559076e-15
358 2.4229051113786564e-14 2.4229051113786564e-14 -4.8688124864729326e-15
359 0.1702122341044895 0.1702122341044895 -2.4344062432364663e-15
360 -1.1989929961767005e-14 -4.111654639167103e-15 0.0
361 1.175032304806263e-14 0.0 0.0
362 -0.22694964547266713 0.0 0.0
363 0.0 -0.22694964547266713 0.0
364 0.0 -3.891216278559076e-15 0.0
365 -3.891216278559076e-15 0.0 0.0
366 0.0 2.547500706504932e-14 0.0
367 -3.1532269843495963e-15 0.22694964547265603 0.0
368 4.878396763021108e-15 -4.897565316117458e-15 0.0
369 3.833710619270026e-17 0.0 0.0
370 0.17021223410449296 -0.17021223410449882 0.0
371 2.3021432268716503e-14 0.0 0.0
372 -2.4248219666882912e-14 -1.198034568521883e-15 0.0
373 1.1989929961767005e-14 4.111654639167103e-15 0.0
374 0.0 1.175032304806263e-14 0.0
375 -0.2269496454726661 -8.836702977417409e-15 0.0
376 -1.1031502306949499e-14 1.1031502306949499e-14 0.0
377 1.1031502306949499e-14 -1.1031502306949499e-14 0.0
378 0.0 -0.2269496454726691 0.0
379 -5.9039143536758395e-15 0.0 0.0
380 4.111654639167103e-15 1.1989929961767005e-14 0.0
381 -1.198034568521883e-15 -2.4248219666882912e-14 0.0
382 0.22694964547265728 2.8752829644525195e-17 0.0
383 2.5484591341597496e-14 4.380014382516005e-15 0.0
384 0.0 -5.9039143536758395e-15 0.0
385 -0.2269496454726691 0.0 0.0
386 -2.5484591341597496e-14 -4.380014382516005e-15 0.0
387 1.175032304806263e-14 0.0 0.0
388 -8.836702977417409e-15 -0.2269496454726661 0.0
389 1.175032304806263e-14 0.0 0.0
390 0.0 1.175032304806263e-14 0.0
391 -4.111654639167103e-15 -1.1989929961767005e-14 0.0
392 -1.1031502306949499e-14 1.1031502306949499e-14 0.0
393 1.1529884687454602e-14 -2.421946683723839e-14 0.0
394 0.22694964547265603 -3.1532269843495963e-15 0.0
395 2.547500706504932e-14 0.0 0.0
396 4.897565316117458e-15 -9.680119313656815e-16 0.0
397 -9.680119313656815e-16 4.897565316117458e-15 0.0
398 0.0 1.175032304806263e-14 0.0
399 -0.22694964547266835 -1.788426003889467e-14 0.0
400 -2.421946683723839e-14 1.1529884687454602e-14 0.0
401 1.1031502306949499e-14 -1.1031502306949499e-14 0.0
402 3.900800555107251e-15 -0.2269496454726671 0.0
403 -1.955192415827713e-15 0.0 0.0
404 0.0 4.792138274087532e-17 0.0
405 -4.897565316117458e-15 4.878396763021108e-15 0.0
406 0.22694964547265503 8.07954513011158e-15 0.0
407 2.421946683723839e-14 -1.1529884687454602e-14 0.0
408 -1.175032304806263e-14 3.833710619270026e-17 0.0
409 1.1989929961767005e-14 4.111654639167103e-15 0.0
410 -1.1529884687454602e-14 2.421946683723839e-14 0.0
411 8.07954513011158e-15 0.22694964547265503 0.0
412 4.111654639167103e-15 1.1989929961767005e-14 0.0
413 3.833710619270026e-17 -1.175032304806263e-14 0.0
414 -2.421946683723839e-14 1.1529884687454602e-14 0.0
415 1.1529884687454602e-14 -2.421946683723839e-14 0.0
416 0.0 1.175032304806263e-14 0.0
417 -4.380014382516005e-15 -2.5484591341597496e-14 0.0
418 0.22694964547265503 8.07954513011158e-15 0.0
419 2.421946683723839e-14 -2.421946683723839e-14 0.0
420 4.380014382516005e-15 2.5484591341597496e-14 0.0
421 2.8752829644525195e-17 0.22694964547265728 0.0
422 0.0 2.3021432268716503e-14 0.0
423 -0.17021223410449882 0.17021223410449296 0.0
424 0.0 -1.955192415827713e-15 0.0
425 -0.2269496454726671 3.900800555107251e-15 0.0
426 -1.788426003889467e-14 -0.22694964547266835 0.0
427 1.175032304806263e-14 0.0 0.0
428 -2.421946683723839e-14 2.421946683723839e-14 0.0
429 8.07954513011158e-15 0.22694964547265503 0.0
430 0.226949645472658 1.7855507209250145e-14 0.0
431 1.7855507209250145e-14 0.226949645472658 0.0
432 1.6628719811083737e-14 -0.22694964547266538 8.577927510616683e-15
433 0.22694964547265503 0.0 8.07954513011158e-15
434 1.025517590654732e-14 1.0274344459643669e-14 1.0236007353450968e-14
435 -1.0753558287052423e-14 -2.2963926609427453e-14 1.0772726840148772e-14
436 3.833710619270026e-17 1.1021918030401324e-14 1.0993165200756799e-14
437 4.619621296220381e-15 -2.4229051113786564e-14 1.1769491601158979e-14
438 1.1271109220653875e-14 -4.370430105967829e-15 1.1232772114461175e-14
439 -2.421946683723839e-14 0.0 1.1529884687454602e-14
440 1.1021918030401324e-14 3.833710619270026e-17 1.0993165200756799e-14
441 -1.1271109220653875e-14 4.370430105967829e-15 1.1232772114461175e-14
442 -0.2269496454726631 8.069960853563404e-15 8.07954513011158e-15
443 0.0 -1.1021918030401324e-14 1.0993165200756799e-14
444 -5.137172229821834e-15 -5.137172229821834e-15 1.2267873981664082e-14
445 0.0 0.0 1.175032304806263e-14
446 2.299267943907198e-14 -1.198034568521883e-15 1.1529884687454602e-14
447 0.22694964547265378 3.392833898053973e-15 8.319152043815956e-15
448 -4.159576021907978e-15 -0.2269496454726641 9.076309891121786e-15
449 0.0 0.0 1.175032304806263e-14
450 0.0 0.0 1.175032304806263e-14
451 -0.17021223410449787 -0.17021223410449787 5.884745800579489e-15
452 1.0753558287052423e-14 2.2963926609427453e-14 1.0772726840148772e-14
453 -7.32238728280575e-15 0.2269496454726528 7.32238728280575e-15
454 1.025517590654732e-14 1.0274344459643669e-14 1.0236007353450968e-14
455 -2.2963926609427453e-14 -1.0753558287052423e-14 1.0772726840148772e-14
456 -0.2269496454726651 -9.584276548175064e-16 8.836702977417409e-15
457 0.0 6.124352714283866e-15 1.1989929961767005e-14
458 -4.619621296220381e-15 2.4229051113786564e-14 1.1769491601158979e-14
459 0.0 0.22694964547265503 8.07954513011158e-15
460 2.4229051113786564e-14 -4.619621296220381e-15 1.1769491601158979e-14
461 0.22694964547265503 0.0 8.07954513011158e-15
462 1.1271109220653875e-14 -4.370430105967829e-15 1.1232772114461175e-14
463 -1.1021918030401324e-14 0.0 1.0993165200756799e-14
464 3.833710619270026e-17 1.1021918030401324e-14 1.0993165200756799e-14
465 4.370430105967829e-15 -1.1271109220653875e-14 1.1232772114461175e-14
466 -0.2269496454726631 8.069960853563404e-15 8.07954513011158e-15
467 0.0 -2.176589204090557e-14 1.1529884687454602e-14
468 -0.2269496454726641 -4.159576021907978e-15 9.076309891121786e-15
469 0.0 0.0 1.175032304806263e-14
470 1.0274344459643669e-14 1.025517590654732e-14 1.0236007353450968e-14
471 -2.3002263715620155e-14 -2.2963926609427453e-14 1.1232772114461175e-14
472 8.069960853563404e-15 -0.2269496454726631 8.07954513011158e-15
473 -2.176589204090557e-14 0.0 1.1529884687454602e-14
474 2.2963926609427453e-14 1.0753558287052423e-14 1.0772726840148772e-14
475 0.2269496454726528 -7.32238728280575e-15 7.32238728280575e-15
476 -4.370430105967829e-15 1.1271109220653875e-14 1.1232772114461175e-14
477 0.0 -1.1021918030401324e-14 1.0993165200756799e-14
478 -1.198034568521883e-15 2.299267943907198e-14 1.1529884687454602e-14
479 3.392833898053973e-15 0.22694964547265378 8.319152043815956e-15
480 -5.118003676725484e-15 -9.680119313656815e-16 1.1989929961767005e-14
481 0.0 4.111654639167103e-15 1.1989929961767005e-14
482 1.025517590654732e-14 1.0274344459643669e-14 1.0236007353450968e-14
483 -1.025517590654732e-14 -1.0274344459643669e-14 1.0236007353450968e-14
484 8.069960853563404e-15 -0.2269496454726631 8.07954513011158e-15
485 -1.1021918030401324e-14 0.0 1.0993165200756799e-14
486 1.0753558287052423e-14 2.2963926609427453e-14 1.0772726840148772e-14
487 -1.659996698143921e-14 0.22694964547265578 7.801601110214502e-15
488 2.2963926609427453e-14 1.0753558287052423e-14 1.0772726840148772e-14
489 0.22694964547265578 -1.659996698143921e-14 7.801601110214502e-15
490 -9.680119313656815e-16 -5.118003676725484e-15 1.1989929961767005e-14
491 4.111654639167103e-15 0.0 1.1989929961767005e-14
492 1.1021918030401324e-14 3.833710619270026e-17 1.0993165200756799e-14
493 -2.4229051113786564e-14 4.619621296220381e-15 1.1769491601158979e-14
494 -0.22694964547266538 1.6628719811083737e-14 8.577927510616683e-15
495 0.0 0.22694964547265503 8.07954513011158e-15
496 -9.488433782693313e-16 -9.584276548175064e-16 1.175032304806263e-14
497 5.137172229821834e-15 5.137172229821834e-15 1.2267873981664082e-14
498 -9.584276548175064e-16 -0.2269496454726651 8.836702977417409e-15
499 6.124352714283866e-15 0.0 1.1989929961767005e-14
500 -4.370430105967829e-15 1.1271109220653875e-14 1.1232772114461175e-14
501 0.0 -2.421946683723839e-14 1.1529884687454602e-14
502 2.2963926609427453e-14 2.3002263715620155e-14 1.1232772114461175e-14
503 0.1702122341044885 0.1702122341044885 4.370430105967829e-15
504 0.0 -6.124352714283866e-15 -1.1989929961767005e-14
505 -0.2269496454726661 0.0 -8.836702977417409e-15
506 4.370430105967829e-15 1.1232772114461175e-14 -1.1271109220653875e-14
507 3.833710619270026e-17 -1.0993165200756799e-14 -1.1021918030401324e-14
508 -2.2963926609427453e-14 1.0734389733956072e-14 -1.0734389733956072e-14
509 1.0236007353450968e-14 -1.0274344459643669e-14 -1.025517590654732e-14
510 0.22694964547265503 2.8752829644525195e-17 -8.069960853563404e-15
511 2.4229051113786564e-14 4.619621296220381e-15 -1.1769491601158979e-14
512 -8.07954513011158e-15 -0.2269496454726631 -8.069960853563404e-15
513 1.0993165200756799e-14 0.0 -1.1021918030401324e-14
514 0.0 -0.2269496454726661 -8.836702977417409e-15
515 -6.124352714283866e-15 0.0 -1.1989929961767005e-14
516 4.159576021907978e-15 -0.2269496454726641 -9.076309891121786e-15
517 -1.945608139279538e-15 0.0 -1.175032304806263e-14
518 -1.6628719811083737e-14 -0.22694964547266538 -8.558758957520332e-15
519 1.0993165200756799e-14 0.0 -1.1021918030401324e-14
520 -1.0236007353450968e-14 1.0274344459643669e-14 -1.025517590654732e-14
521 1.0274344459643669e-14 -1.0236007353450968e-14 -1.025517590654732e-14
522 0.0 1.0993165200756799e-14 -1.1021918030401324e-14
523 -4.619621296220381e-15 -2.4229051113786564e-14 -1.1769491601158979e-14
524 0.0 -4.111654639167103e-15 -1.1989929961767005e-14
525 -4.111654639167103e-15 0.0 -1.1989929961767005e-14
526 0.22694964547265378 -3.392833898053973e-15 -8.319152043815956e-15
527 2.421946683723839e-14 0.0 -1.1501131857810078e-14
528 -2.2963926609427453e-14 1.0734389733956072e-14 -1.0734389733956072e-14
529 1.0734389733956072e-14 -2.2963926609427453e-14 -1.0734389733956072e-14
530 5.14675650637001e-15 -5.14675650637001e-15 -1.2267873981664082e-14
531 3.833710619270026e-17 0.0 -1.175032304806263e-14
532 5.118003676725484e-15 -9.680119313656815e-16 -1.1989929961767005e-14
533 -9.680119313656815e-16 5.118003676725484e-15 -1.1989929961767005e-14
534 0.0 -1.945608139279538e-15 -1.175032304806263e-14
535 -0.2269496454726641 4.159576021907978e-15 -9.076309891121786e-15
536 -1.0993165200756799e-14 3.833710619270026e-17 -1.1021918030401324e-14
537 1.1232772114461175e-14 4.370430105967829e-15 -1.1271109220653875e-14
538 -2.299267943907198e-14 -1.198034568521883e-15 -1.1501131857810078e-14
539 1.1232772114461175e-14 4.370430105967829e-15 -1.1271109220653875e-14
540 4.619621296220381e-15 2.4229051113786564e-14 -1.1769491601158979e-14
541 2.8752829644525195e-17 0.22694964547265503 -8.069960853563404e-15
542 0.2269496454726528 7.32238728280575e-15 -7.32238728280575e-15
543 2.2963926609427453e-14 -1.0734389733956072e-14 -1.0734389733956072e-14
544 -1.0274344459643669e-14 1.0236007353450968e-14 -1.025517590654732e-14
545 1.0734389733956072e-14 -2.2963926609427453e-14 -1.0734389733956072e-14
546 -2.2963926609427453e-14 2.2963926609427453e-14 -1.1232772114461175e-14
547 7.32238728280575e-15 0.2269496454726528 -7.32238728280575e-15
548 0.0 1.0993165200756799e-14 -1.1021918030401324e-14
549 -0.22694964547266538 -1.6628719811083737e-14 -8.558758957520332e-15
550 0.0 1.0993165200756799e-14 -1.1021918030401324e-14
551 -0.2269496454726631 -8.07954513011158e-15 -8.069960853563404e-15
552 0.0 2.421946683723839e-14 -1.1501131857810078e-14
553 -3.392833898053973e-15 0.22694964547265378 -8.319152043815956e-15
554 0.0 3.833710619270026e-17 -1.175032304806263e-14
555 -5.14675650637001e-15 5.14675650637001e-15 -1.2267873981664082e-14
556 0.0 1.0993165200756799e-14 -1.1021918030401324e-14
557 -4.370430105967829e-15 -1.1232772114461175e-14 -1.1271109220653875e-14
558 0.2269496454726528 7.32238728280575e-15 -7.32238728280575e-15
559 2.2963926609427453e-14 -2.2963926609427453e-14 -1.1232772114461175e-14
560 -2.4229051113786564e-14 -4.619621296220381e-15 -1.1769491601158979e-14
561 1.0993165200756799e-14 0.0 -1.1021918030401324e-14
562 -0.22694964547266414 0.0 -8.836702977417409e-15
563 0.0 -0.22694964547266414 -8.836702977417409e-15
564 0.17021223410449074 -0.17021223410449582 -5.12758795327366e-15
565 2.176589204090557e-14 0.0 -1.1501131857810078e-14
566 -1.1232772114461175e-14 -4.370430105967829e-15 -1.1271109220653875e-14
567 1.0993165200756799e-14 0.0 -1.1021918030401324e-14
568 -1.0734389733956072e-14 2.2963926609427453e-14 -1.0734389733956072e-14
569 7.32238728280575e-15 0.2269496454726528 -7.32238728280575e-15
570 4.370430105967829e-15 1.1232772114461175e-14 -1.1271109220653875e-14
571 -1.198034568521883e-15 -2.299267943907198e-14 -1.1501131857810078e-14
572 0.0 2.176589204090557e-14 -1.1501131857810078e-14
573 -0.17021223410449582 0.17021223410449074 -5.12758795327366e-15
574 0.22694964547265578 1.659996698143921e-14 -7.801601110214502e-15
575 1.659996698143921e-14 0.22694964547265578 -7.801601110214502e-15
576 -4.619621296220381e-15 2.4229051113786564e-14 1.1769491601158979e-14
577 0.0 0.22694964547265503 8.07954513011158e-15
578 0.0 0.0 1.175032304806263e-14
579 -0.17021223410449787 -0.17021223410449787 5.884745800579489e-15
580 -0.2269496454726651 -9.584276548175064e-16 8.836702977417409e-15
581 0.0 6.124352714283866e-15 1.1989929961767005e-14
582 1.0274344459643669e-14 1.025517590654732e-14 1.0236007353450968e-14
583 -1.0753558287052423e-14 -2.2963926609427453e-14 1.0772726840148772e-14
584 1.0274344459643669e-14 1.025517590654732e-14 1.0236007353450968e-14
585 -2.3002263715620155e-14 -2.2963926609427453e-14 1.1232772114461175e-14
586 -4.159576021907978e-15 -0.2269496454726641 9.076309891121786e-15
587 0.0 0.0 1.175032304806263e-14
588 1.1021918030401324e-14 3.833710619270026e-17 1.0993165200756799e-14
589 -2.4229051113786564e-14 4.619621296220381e-15 1.1769491601158979e-14
590 -0.22694964547266538 1.6628719811083737e-14 8.577927510616683e-15
591 0.0 0.22694964547265503 8.07954513011158e-15
592 2.4229051113786564e-14 -4.619621296220381e-15 1.1769491601158979e-14
593 0.22694964547265503 0.0 8.07954513011158e-15
594 -0.2269496454726631 8.069960853563404e-15 8.07954513011158e-15
595 0.0 -1.1021918030401324e-14 1.0993165200756799e-14
596 -0.2269496454726631 8.069960853563404e-15 8.07954513011158e-15
597 0.0 -2.176589204090557e-14 1.1529884687454602e-14
598 1.1271109220653875e-14 -4.370430105967829e-15 1.1232772114461175e-14
599 -1.1021918030401324e-14 0.0 1.0993165200756799e-14
600 -5.137172229821834e-15 -5.137172229821834e-15 1.2267873981664082e-14
601 0.0 0.0 1.175032304806263e-14
602 -1.198034568521883e-15 2.299267943907198e-14 1.1529884687454602e-14
603 3.392833898053973e-15 0.22694964547265378 8.319152043815956e-15
604 1.0753558287052423e-14 2.2963926609427453e-14 1.0772726840148772e-14
605 -1.659996698143921e-14 0.22694964547265578 7.801601110214502e-15
606 8.069960853563404e-15 -0.2269496454726631 8.07954513011158e-15
607 -1.1021918030401324e-14 0.0 1.0993165200756799e-14
608 1.0753558287052423e-14 2.2963926609427453e-14 1.0772726840148772e-14
609 -7.32238728280575e-15 0.2269496454726528 7.32238728280575e-15
610 2.2963926609427453e-14 1.0753558287052423e-14 1.0772726840148772e-14
611 0.2269496454726528 -7.32238728280575e-15 7.32238728280575e-15
612 1.1271109220653875e-14 -4.370430105967829e-15 1.1232772114461175e-14
613 -2.421946683723839e-14 0.0 1.1529884687454602e-14
614 -4.370430105967829e-15 1.1271109220653875e-14 1.1232772114461175e-14
615 0.0 -2.421946683723839e-14 1.1529884687454602e-14
616 -9.584276548175064e-16 -0.2269496454726651 8.836702977417409e-15
617 6.124352714283866e-15 0.0 1.1989929961767005e-14
618 -0.2269496454726641 -4.159576021907978e-15 9.076309891121786e-15
619 0.0 0.0 1.175032304806263e-14
620 3.833710619270026e-17 1.1021918030401324e-14 1.0993165200756799e-14
621 4.619621296220381e-15 -2.4229051113786564e-14 1.1769491601158979e-14
622 -9.488433782693313e-16 -9.488433782693313e-16 1.175032304806263e-14
623 5.137172229821834e-15 5.137172229821834e-15 1.2267873981664082e-14
624 1.6628719811083737e-14 -0.22694964547266538 8.577927510616683e-15
625 0.22694964547265503 0.0 8.07954513011158e-15
626 1.025517590654732e-14 1.0274344459643669e-14 1.0236007353450968e-14
627 -1.025517590654732e-14 -1.0274344459643669e-14 1.0236007353450968e-14
628 2.2963926609427453e-14 1.0753558287052423e-14 1.0772726840148772e-14
629 0.22694964547265578 -1.659996698143921e-14 7.801601110214502e-15
630 -5.118003676725484e-15 -9.680119313656815e-16 1.1989929961767005e-14
631 0.0 4.111654639167103e-15 1.1989929961767005e-14
632 3.833710619270026e-17 1.1021918030401324e-14 1.0993165200756799e-14
633 4.370430105967829e-15 -1.1271109220653875e-14 1.1232772114461175e-14
634 1.025517590654732e-14 1.0274344459643669e-14 1.0236007353450968e-14
635 -2.2963926609427453e-14 -1.0753558287052423e-14 1.0772726840148772e-14
636 8.069960853563404e-15 -0.2269496454726631 8.07954513011158e-15
637 -2.176589204090557e-14 0.0 1.1529884687454602e-14
638 -9.680119313656815e-16 -5.118003676725484e-15 1.1989929961767005e-14
639 4.111654639167103e-15 0.0 1.1989929961767005e-14
640 1.1021918030401324e-14 3.833710619270026e-17 1.0993165200756799e-14
641 -1.1271109220653875e-14 4.370430105967829e-15 1.1232772114461175e-14
642 -4.370430105967829e-15 1.1271109220653875e-14 1.1232772114461175e-14
643 0.0 -1.1021918030401324e-14 1.0993165200756799e-14
644 2.299267943907198e-14 -1.198034568521883e-15 1.1529884687454602e-14
645 0.22694964547265378 3.392833898053973e-15 8.319152043815956e-15
646 2.2963926609427453e-14 2.3002263715620155e-14 1.1232772114461175e-14
647 0.1702122341044885 0.1702122341044885 4.370430105967829e-15
648 0.0 -3.172395537445946e-15 -2.1794644870550097e-14
649 -0.22694964547266638 4.40876721216053e-15 -1.7893844315442844e-14
650 0.0 -0.22694964547266835 -1.788426003889467e-14
651 -6.392712457632768e-15 0.0 -2.303101654526468e-14
652 -1.1232772114461175e-14 2.2963926609427453e-14 -2.3002263715620155e-14
653 7.801601110214502e-15 0.22694964547265578 -1.659996698143921e-14
654 0.0 1.1529884687454602e-14 -2.421946683723839e-14
655 -4.619621296220381e-15 -1.1769491601158979e-14 -2.4229051113786564e-14
656 5.386363420074386e-15 -2.204383606080265e-15 -2.4257803943431087e-14
657 -2.204383606080265e-15 5.386363420074386e-15 -2.4257803943431087e-14
658 0.22694964547265678 -3.661193641402875e-15 -1.786509148579832e-14
659 2.421946683723839e-14 0.0 -2.421946683723839e-14
660 0.0 2.176589204090557e-14 -2.176589204090557e-14
661 -0.1702122341044981 0.1702122341044937 -1.0264760183095493e-14
662 -2.4229051113786564e-14 -4.8688124864729326e-15 -2.4229051113786564e-14
663 1.1529884687454602e-14 0.0 -2.421946683723839e-14
664 -2.2963926609427453e-14 2.2963926609427453e-14 -2.3002263715620155e-14
665 7.801601110214502e-15 0.22694964547265578 -1.659996698143921e-14
666 -1.0772726840148772e-14 1.0772726840148772e-14 -2.2963926609427453e-14
667 1.0772726840148772e-14 -1.0772726840148772e-14 -2.2963926609427453e-14
668 0.0 2.421946683723839e-14 -2.421946683723839e-14
669 -3.661193641402875e-15 0.22694964547265678 -1.786509148579832e-14
670 -1.1529884687454602e-14 -1.198034568521883e-15 -2.299267943907198e-14
671 1.1769491601158979e-14 4.619621296220381e-15 -2.4229051113786564e-14
672 4.8688124864729326e-15 2.4229051113786564e-14 -2.4229051113786564e-14
673 -1.207618845070058e-15 0.226949645472658 -1.6628719811083737e-14
674 5.376779143526211e-15 -5.376779143526211e-15 -2.5494175618145672e-14
675 -1.198034568521883e-15 0.0 -2.4248219666882912e-14
676 4.619621296220381e-15 1.1769491601158979e-14 -2.4229051113786564e-14
677 -2.4344062432364663e-15 -2.299267943907198e-14 -2.299267943907198e-14
678 0.22694964547265578 7.801601110214502e-15 -1.659996698143921e-14
679 2.2963926609427453e-14 -1.1232772114461175e-14 -2.3002263715620155e-14
680 -1.6628719811083737e-14 -0.2269496454726676 -1.6647888364180087e-14
681 1.1529884687454602e-14 0.0 -2.176589204090557e-14
682 0.0 -4.380014382516005e-15 -2.5484591341597496e-14
683 -4.380014382516005e-15 0.0 -2.5484591341597496e-14
684 4.619621296220381e-15 1.1769491601158979e-14 -2.4229051113786564e-14
685 -1.198034568521883e-15 -1.1529884687454602e-14 -2.299267943907198e-14
686 0.1702122341044937 -0.1702122341044981 -1.0264760183095493e-14
687 2.176589204090557e-14 0.0 -2.176589204090557e-14
688 -2.2963926609427453e-14 1.1232772114461175e-14 -2.3002263715620155e-14
689 1.0772726840148772e-14 -1.0772726840148772e-14 -2.2963926609427453e-14
690 0.0 1.1529884687454602e-14 -2.176589204090557e-14
691 -0.2269496454726676 -1.6628719811083737e-14 -1.6647888364180087e-14
692 -0.22694964547266638 0.0 -1.5392348136369152e-14
693 0.0 -0.22694964547266638 -1.5392348136369152e-14
694 -1.0772726840148772e-14 1.0772726840148772e-14 -2.2963926609427453e-14
695 1.1232772114461175e-14 -2.2963926609427453e-14 -2.3002263715620155e-14
696 0.0 1.1529884687454602e-14 -2.421946683723839e-14
697 -4.8688124864729326e-15 -2.4229051113786564e-14 -2.4229051113786564e-14
698 0.22694964547265578 7.801601110214502e-15 -1.659996698143921e-14
699 2.2963926609427453e-14 -2.2963926609427453e-14 -2.3002263715620155e-14
700 0.0 -6.392712457632768e-15 -2.303101654526468e-14
701 -0.22694964547266835 0.0 -1.788426003889467e-14
702 -1.1769491601158979e-14 -4.619621296220381e-15 -2.4229051113786564e-14
703 1.1529884687454602e-14 0.0 -2.421946683723839e-14
704 -8.577927510616683e-15 -0.22694964547266538 -1.6628719811083737e-14
705 1.1529884687454602e-14 0.0 -2.176589204090557e-14
706 -2.299267943907198e-14 -2.4344062432364663e-15 -2.299267943907198e-14
707 1.1769491601158979e-14 4.619621296220381e-15 -2.4229051113786564e-14
708 0.226949645472658 -1.207618845070058e-15 -1.6628719811083737e-14
709 2.4229051113786564e-14 4.8688124864729326e-15 -2.4229051113786564e-14
710 0.0 -1.198034568521883e-15 -2.4248219666882912e-14
711 -5.376779143526211e-15 5.376779143526211e-15 -2.5494175618145672e-14
712 -2.2963926609427453e-14 1.1232772114461175e-14 -2.3002263715620155e-14
713 1.1232772114461175e-14 -2.2963926609427453e-14 -2.3002263715620155e-14
714 4.40876721216053e-15 -0.22694964547266638 -1.7893844315442844e-14
715 -3.172395537445946e-15 0.0 -2.1794644870550097e-14
716 0.0 1.1529884687454602e-14 -2.176589204090557e-14
717 -0.22694964547266538 -8.577927510616683e-15 -1.6628719811083737e-14
718 0.22694964547265878 1.659996698143921e-14 -1.6638304087631912e-14
719 1.659996698143921e-14 0.22694964547265878 -1.6638304087631912e-14
720 -4.40876721216053e-15 -0.22694964547266638 1.7893844315442844e-14
721 0.0 0.0 2.3021432268716503e-14
722 1.1232772114461175e-14 2.3002263715620155e-14 2.2963926609427453e-14
723 -1.6638304087631912e-14 0.22694964547265878 1.659996698143921e-14
724 2.4229051113786564e-14 -4.8688124864729326e-15 2.4229051113786564e-14
725 0.226949645472658 0.0 1.7855507209250145e-14
726 -1.198034568521883e-15 1.1501131857810078e-14 2.299267943907198e-14
727 4.619621296220381e-15 -1.1769491601158979e-14 2.4229051113786564e-14
728 8.558758957520332e-15 -0.22694964547266538 1.6628719811083737e-14
729 -2.176589204090557e-14 0.0 2.176589204090557e-14
730 8.558758957520332e-15 -0.22694964547266538 1.6628719811083737e-14
731 -1.1501131857810078e-14 0.0 2.176589204090557e-14
732 -2.4344062432364663e-15 2.299267943907198e-14 2.299267943907198e-14
733 3.661193641402875e-15 0.22694964547265678 1.786509148579832e-14
734 1.0734389733956072e-14 1.0734389733956072e-14 2.2963926609427453e-14
735 -1.1232772114461175e-14 -2.3002263715620155e-14 2.2963926609427453e-14
736 1.1769491601158979e-14 -4.619621296220381e-15 2.4229051113786564e-14
737 -1.1501131857810078e-14 0.0 2.421946683723839e-14
738 -1.198034568521883e-15 1.1501131857810078e-14 2.299267943907198e-14
739 4.8688124864729326e-15 -2.4229051113786564e-14 2.4229051113786564e-14
740 1.0734389733956072e-14 1.0734389733956072e-14 2.2963926609427453e-14
741 -2.3002263715620155e-14 -1.1232772114461175e-14 2.2963926609427453e-14
742 -4.619621296220381e-15 1.1769491601158979e-14 2.4229051113786564e-14
743 0.0 -1.1501131857810078e-14 2.421946683723839e-14
744 -2.1947993295320897e-15 -0.22694964547266736 1.6657472640728263e-14
745 6.392712457632768e-15 0.0 2.303101654526468e-14
746 2.3002263715620155e-14 1.1232772114461175e-14 2.2963926609427453e-14
747 0.22694964547265578 -7.801601110214502e-15 1.659996698143921e-14
748 1.6647888364180087e-14 -0.2269496454726676 1.6628719811083737e-14
749 0.226949645472658 0.0 1.5401932412917328e-14
750 -0.22694964547266538 8.558758957520332e-15 1.6628719811083737e-14
751 0.0 -2.176589204090557e-14 2.176589204090557e-14
752 -0.2269496454726676 1.6647888364180087e-14 1.6628719811083737e-14
753 0.0 0.226949645472658 1.5401932412917328e-14
754 0.0 0.0 2.0529520366190987e-14
755 -0.1702122341045001 -0.1702122341045001 1.0274344459643669e-14
756 1.1501131857810078e-14 -1.198034568521883e-15 2.299267943907198e-14
757 -2.4229051113786564e-14 4.8688124864729326e-15 2.4229051113786564e-14
758 -4.8688124864729326e-15 2.4229051113786564e-14 2.4229051113786564e-14
759 0.0 0.226949645472658 1.7855507209250145e-14
760 -5.386363420074386e-15 -5.386363420074386e-15 2.5494175618145672e-14
761 0.0 0.0 2.547500706504932e-14
762 -2.1852150529839146e-15 -2.1852150529839146e-15 2.3021432268716503e-14
763 5.386363420074386e-15 5.386363420074386e-15 2.5494175618145672e-14
764 1.1232772114461175e-14 2.3002263715620155e-14 2.2963926609427453e-14
765 -7.801601110214502e-15 0.22694964547265578 1.659996698143921e-14
766 1.0734389733956072e-14 1.0734389733956072e-14 2.2963926609427453e-14
767 -2.3002263715620155e-14 -2.3002263715620155e-14 2.2963926609427453e-14
768 2.3002263715620155e-14 1.1232772114461175e-14 2.2963926609427453e-14
769 0.22694964547265878 -1.6638304087631912e-14 1.659996698143921e-14
770 1.1501131857810078e-14 -1.198034568521883e-15 2.299267943907198e-14
771 -1.1769491601158979e-14 4.619621296220381e-15 2.4229051113786564e-14
772 2.299267943907198e-14 -2.4344062432364663e-15 2.299267943907198e-14
773 0.22694964547265678 3.661193641402875e-15 1.786509148579832e-14
774 1.0734389733956072e-14 1.0734389733956072e-14 2.2963926609427453e-14
775 -1.0734389733956072e-14 -1.0734389733956072e-14 2.2963926609427453e-14
776 -0.22694964547266538 8.558758957520332e-15 1.6628719811083737e-14
777 0.0 -1.1501131857810078e-14 2.176589204090557e-14
778 -0.22694964547266736 -2.1947993295320897e-15 1.6657472640728263e-14
779 0.0 6.392712457632768e-15 2.303101654526468e-14
780 -5.386363420074386e-15 -2.204383606080265e-15 2.4257803943431087e-14
781 0.0 4.380014382516005e-15 2.5484591341597496e-14
782 -2.204383606080265e-15 -5.386363420074386e-15 2.4257803943431087e-14
783 4.380014382516005e-15 0.0 2.5484591341597496e-14
784 1.1769491601158979e-14 -4.619621296220381e-15 2.4229051113786564e-14
785 -2.421946683723839e-14 0.0 2.421946683723839e-14
786 -4.619621296220381e-15 1.1769491601158979e-14 2.4229051113786564e-14
787 0.0 -2.421946683723839e-14 2.421946683723839e-14
788 -0.22694964547266638 -4.40876721216053e-15 1.7893844315442844e-14
789 0.0 0.0 2.3021432268716503e-14
790 2.3002263715620155e-14 2.3002263715620155e-14 2.2963926609427453e-14
791 0.1702122341044915 0.1702122341044915 1.025517590654732e-14
792 0.0 -0.17021223410449882 0.17021223410449296
793 -5.165925059466359e-15 0.0 0.22694964547265603
794 3.661193641402875e-15 1.786509148579832e-14 0.22694964547265678
795 1.916855309635013e-17 0.17021223410449074 0.17021223410449074
796 -1.659996698143921e-14 7.801601110214502e-15 0.22694964547265578
797 7.32238728280575e-15 -7.32238728280575e-15 0.2269496454726528
798 -8.07954513011158e-15 2.8752829644525195e-17 0.22694964547265503
799 8.319152043815956e-15 3.392833898053973e-15 0.22694964547265378
800 0.0 -0.17021223410449687 0.17021223410449296
801 -0.17021223410449687 0.0 0.17021223410449296
802 0.0 8.07954513011158e-15 0.22694964547265503
803 -3.661193641402875e-15 -1.786509148579832e-14 0.22694964547265678
804 -1.6628719811083737e-14 -1.207618845070058e-15 0.226949645472658
805 8.319152043815956e-15 3.392833898053973e-15 0.22694964547265378
806 -7.32238728280575e-15 7.32238728280575e-15 0.2269496454726528
807 7.32238728280575e-15 -7.32238728280575e-15 0.2269496454726528
808 0.1134748227363264 -0.11347482273632857 0.1134748227363264
809 1.5401932412917328e-14 0.0 0.226949645472658
810 -7.801601110214502e-15 1.659996698143921e-14 0.22694964547265578
811 4.370430105967829e-15 0.1702122341044885 0.1702122341044885
812 4.159576021907978e-15 -9.775962079138566e-16 0.22694964547265603
813 -9.775962079138566e-16 4.159576021907978e-15 0.22694964547265603
814 0.1702122341044885 4.370430105967829e-15 0.1702122341044885
815 1.659996698143921e-14 -7.801601110214502e-15 0.22694964547265578
816 0.0 8.07954513011158e-15 0.22694964547265503
817 -0.1702122341044981 -1.0264760183095493e-14 0.1702122341044937
818 0.0 8.07954513011158e-15 0.22694964547265503
819 -0.17021223410449582 -5.12758795327366e-15 0.17021223410449074
820 3.1915640905422963e-15 -0.17021223410449682 0.17021223410449174
821 -1.945608139279538e-15 0.0 0.22694964547265728
822 0.0 8.07954513011158e-15 0.22694964547265503
823 -3.392833898053973e-15 -8.319152043815956e-15 0.22694964547265378
824 -1.659996698143921e-14 7.801601110214502e-15 0.22694964547265578
825 7.801601110214502e-15 -1.659996698143921e-14 0.22694964547265578
826 -5.12758795327366e-15 -0.17021223410449582 0.17021223410449074
827 8.07954513011158e-15 0.0 0.22694964547265503
828 4.1499917453598025e-15 -4.169160298456153e-15 0.22694964547265478
829 2.8752829644525195e-17 0.0 0.22694964547265728
830 0.0 1.5401932412917328e-14 0.226949645472658
831 -0.11347482273632857 0.1134748227363264 0.1134748227363264
832 0.0 -5.165925059466359e-15 0.22694964547265603
833 -0.17021223410449882 0.0 0.17021223410449296
834 0.17021223410449074 1.916855309635013e-17 0.17021223410449074
835 1.786509148579832e-14 3.661193641402875e-15 0.22694964547265678
836 -1.786509148579832e-14 -3.661193641402875e-15 0.22694964547265678
837 8.07954513011158e-15 0.0 0.22694964547265503
838 0.1702122341044885 4.370430105967829e-15 0.1702122341044885
839 1.659996698143921e-14 -1.661913553453556e-14 0.22694964547265878
840 -8.319152043815956e-15 -3.392833898053973e-15 0.22694964547265378
841 8.07954513011158e-15 0.0 0.22694964547265503
842 0.0 -3.1532269843495963e-15 0.22694964547265603
843 -3.1532269843495963e-15 0.0 0.22694964547265603
844 -1.0264760183095493e-14 -0.1702122341044981 0.1702122341044937
845 8.07954513011158e-15 0.0 0.22694964547265503
846 -7.32238728280575e-15 7.32238728280575e-15 0.2269496454726528
847 7.801601110214502e-15 -1.659996698143921e-14 0.22694964547265578
848 3.392833898053973e-15 8.319152043815956e-15 0.22694964547265378
849 2.8752829644525195e-17 -8.07954513011158e-15 0.22694964547265503
850 0.0 -1.945608139279538e-15 0.22694964547265728
851 -0.17021223410449682 3.1915640905422963e-15 0.17021223410449174
852 -1.661913553453556e-14 1.659996698143921e-14 0.22694964547265878
853 4.370430105967829e-15 0.1702122341044885 0.1702122341044885
854 0.0 1.7855507209250145e-14 0.226949645472658
855 -2.4344062432364663e-15 0.1702122341044895 0.1702122341044895
856 0.0 2.8752829644525195e-17 0.22694964547265728
857 -4.169160298456153e-15 4.1499917453598025e-15 0.22694964547265478
858 3.392833898053973e-15 8.319152043815956e-15 0.22694964547265378
859 -1.207618845070058e-15 -1.6628719811083737e-14 0.226949645472658
860 0.1702122341044895 -2.4344062432364663e-15 0.1702122341044895
861 1.7855507209250145e-14 0.0 0.226949645472658
862 0.1702122341044915 1.025517590654732e-14 0.1702122341044915
863 1.025517590654732e-14 0.1702122341044915 0.1702122341044915
