0.0 0.0 0.0
3.3969524429 0.0 4.804016072
0.8492381617 1.470923497 4.804016072
4.2461904008 1.470923497 2.402008108
2.5477142813 1.470923497 0.0
1.6984761196 0.0 2.402008108
5.0954285625 0.0 0.0
8.4923810054 0.0 4.804016072
5.9446667242 1.470923497 4.804016072
9.3416189633 1.470923497 2.402008108
7.6431428438 1.470923497 0.0
6.7939046821 0.0 2.402008108
10.190857125 0.0 0.0
13.5878095679 0.0 4.804016072
11.0400952867 1.470923497 4.804016072
14.4370475258 1.470923497 2.402008108
12.7385714063 1.470923497 0.0
11.8893332446 0.0 2.402008108
15.2862856875 0.0 0.0
18.6832381304 0.0 4.804016072
16.1355238492 1.470923497 4.804016072
19.5324760883 1.470923497 2.402008108
17.8339999687 1.470923497 0.0
16.9847618071 0.0 2.402008108
0.0 2.941846994 0.0
3.3969524429 2.941846994 4.804016072
0.8492381617 4.412770491 4.804016072
4.2461904008 4.412770491 2.402008108
2.5477142813 4.412770491 0.0
1.6984761196 2.941846994 2.402008108
5.0954285625 2.941846994 0.0
8.4923810054 2.941846994 4.804016072
5.9446667242 4.412770491 4.804016072
9.3416189633 4.412770491 2.402008108
7.6431428438 4.412770491 0.0
6.7939046821 2.941846994 2.402008108
10.190857125 2.941846994 0.0
13.5878095679 2.941846994 4.804016072
11.0400952867 4.412770491 4.804016072
14.4370475258 4.412770491 2.402008108
12.7385714063 4.412770491 0.0
11.8893332446 2.941846994 2.402008108
15.2862856875 2.941846994 0.0
18.6832381304 2.941846994 4.804016072
16.1355238492 4.412770491 4.804016072
19.5324760883 4.412770491 2.402008108
17.8339999687 4.412770491 0.0
16.9847618071 2.941846994 2.402008108
0.0 5.883694194 0.0
3.3969524429 5.883694194 4.804016072
0.8492381617 7.354617691 4.804016072
4.2461904008 7.354617691 2.402008108
2.5477142813 7.354617691 0.0
1.6984761196 5.883694194 2.402008108
5.0954285625 5.883694194 0.0
8.4923810054 5.883694194 4.804016072
5.9446667242 7.354617691 4.804016072
9.3416189633 7.354617691 2.402008108
7.6431428438 7.354617691 0.0
6.7939046821 5.883694194 2.402008108
10.190857125 5.883694194 0.0
13.5878095679 5.883694194 4.804016072
11.0400952867 7.354617691 4.804016072
14.4370475258 7.354617691 2.402008108
12.7385714063 7.354617691 0.0
11.8893332446 5.883694194 2.402008108
15.2862856875 5.883694194 0.0
18.6832381304 5.883694194 4.804016072
16.1355238492 7.354617691 4.804016072
19.5324760883 7.354617691 2.402008108
17.8339999687 7.354617691 0.0
16.9847618071 5.883694194 2.402008108
0.0 8.825541188 0.0
3.3969524429 8.825541188 4.804016072
0.8492381617 10.296464685 4.804016072
4.2461904008 10.296464685 2.402008108
2.5477142813 10.296464685 0.0
1.6984761196 8.825541188 2.402008108
5.0954285625 8.825541188 0.0
8.4923810054 8.825541188 4.804016072
5.9446667242 10.296464685 4.804016072
9.3416189633 10.296464685 2.402008108
7.6431428438 10.296464685 0.0
6.7939046821 8.825541188 2.402008108
10.190857125 8.825541188 0.0
13.5878095679 8.825541188 4.804016072
11.0400952867 10.296464685 4.804016072
14.4370475258 10.296464685 2.402008108
12.7385714063 10.296464685 0.0
11.8893332446 8.825541188 2.402008108
15.2862856875 8.825541188 0.0
18.6832381304 8.825541188 4.804016072
16.1355238492 10.296464685 4.804016072
19.5324760883 10.296464685 2.402008108
17.8339999687 10.296464685 0.0
16.9847618071 8.825541188 2.402008108
0.0 11.767388182 0.0
3.3969524429 11.767388182 4.804016072
0.8492381617 13.238311679 4.804016072
4.2461904008 13.238311679 2.402008108
2.5477142813 13.238311679 0.0
1.6984761196 11.767388182 2.402008108
5.0954285625 11.767388182 0.0
8.4923810054 11.767388182 4.804016072
5.9446667242 13.238311679 4.804016072
9.3416189633 13.238311679 2.402008108
7.6431428438 13.238311679 0.0
6.7939046821 11.767388182 2.402008108
10.190857125 11.767388182 0.0
13.5878095679 11.767388182 4.804016072
11.0400952867 13.238311679 4.804016072
14.4370475258 13.238311679 2.402008108
12.7385714063 13.238311679 0.0
11.8893332446 11.767388182 2.402008108
15.2862856875 11.767388182 0.0
18.6832381304 11.767388182 4.804016072
16.1355238492 13.238311679 4.804016072
19.5324760883 13.238311679 2.402008108
17.8339999687 13.238311679 0.0
16.9847618071 11.767388182 2.402008108
0.0 14.709235176 0.0
3.3969524429 14.709235176 4.804016072
0.8492381617 16.180158879 4.804016072
4.2461904008 16.180158879 2.402008108
2.5477142813 16.180158879 0.0
1.6984761196 14.709235176 2.402008108
5.0954285625 14.709235176 0.0
8.4923810054 14.709235176 4.804016072
5.9446667242 16.180158879 4.804016072
9.3416189633 16.180158879 2.402008108
7.6431428438 16.180158879 0.0
6.7939046821 14.709235176 2.402008108
10.190857125 14.709235176 0.0
13.5878095679 14.709235176 4.804016072
11.0400952867 16.180158879 4.804016072
14.4370475258 16.180158879 2.402008108
12.7385714063 16.180158879 0.0
11.8893332446 14.709235176 2.402008108
15.2862856875 14.709235176 0.0
18.6832381304 14.709235176 4.804016072
16.1355238492 16.180158879 4.804016072
19.5324760883 16.180158879 2.402008108
17.8339999687 16.180158879 0.0
16.9847618071 14.709235176 2.402008108
0.0 17.651082376 0.0
3.3969524429 17.651082376 4.804016072
0.8492381617 19.122005873 4.804016072
4.2461904008 19.122005873 2.402008108
2.5477142813 19.122005873 0.0
1.6984761196 17.651082376 2.402008108
5.0954285625 17.651082376 0.0
8.4923810054 17.651082376 4.804016072
5.9446667242 19.122005873 4.804016072
9.3416189633 19.122005873 2.402008108
7.6431428438 19.122005873 0.0
6.7939046821 17.651082376 2.402008108
10.190857125 17.651082376 0.0
13.5878095679 17.651082376 4.804016072
11.0400952867 19.122005873 4.804016072
14.4370475258 19.122005873 2.402008108
12.7385714063 19.122005873 0.0
11.8893332446 17.651082376 2.402008108
15.2862856875 17.651082376 0.0
18.6832381304 17.651082376 4.804016072
16.1355238492 19.122005873 4.804016072
19.5324760883 19.122005873 2.402008108
17.8339999687 19.122005873 0.0
16.9847618071 17.651082376 2.402008108
0.0 0.0 7.20602418
3.3969524429 0.0 12.010040252
0.8492381617 1.470923497 12.010040252
4.2461904008 1.470923497 9.608032288
2.5477142813 1.470923497 7.20602418
1.6984761196 0.0 9.608032288
5.0954285625 0.0 7.20602418
8.4923810054 0.0 12.010040252
5.9446667242 1.470923497 12.010040252
9.3416189633 1.470923497 9.608032288
7.6431428438 1.470923497 7.20602418
6.7939046821 0.0 9.608032288
10.190857125 0.0 7.20602418
13.5878095679 0.0 12.010040252
11.0400952867 1.470923497 12.010040252
14.4370475258 1.470923497 9.608032288
12.7385714063 1.470923497 7.20602418
11.8893332446 0.0 9.608032288
15.2862856875 0.0 7.20602418
18.6832381304 0.0 12.010040252
16.1355238492 1.470923497 12.010040252
19.5324760883 1.470923497 9.608032288
17.8339999687 1.470923497 7.20602418
16.9847618071 0.0 9.608032288
0.0 2.941846994 7.20602418
3.3969524429 2.941846994 12.010040252
0.8492381617 4.412770491 12.010040252
4.2461904008 4.412770491 9.608032288
2.5477142813 4.412770491 7.20602418
1.6984761196 2.941846994 9.608032288
5.0954285625 2.941846994 7.20602418
8.4923810054 2.941846994 12.010040252
5.9446667242 4.412770491 12.010040252
9.3416189633 4.412770491 9.608032288
7.6431428438 4.412770491 7.20602418
6.7939046821 2.941846994 9.608032288
10.190857125 2.941846994 7.20602418
13.5878095679 2.941846994 12.010040252
11.0400952867 4.412770491 12.010040252
14.4370475258 4.412770491 9.608032288
12.7385714063 4.412770491 7.20602418
11.8893332446 2.941846994 9.608032288
15.2862856875 2.941846994 7.20602418
18.6832381304 2.941846994 12.010040252
16.1355238492 4.412770491 12.010040252
19.5324760883 4.412770491 9.608032288
17.8339999687 4.412770491 7.20602418
16.9847618071 2.941846994 9.608032288
0.0 5.883694194 7.20602418
3.3969524429 5.883694194 12.010040252
0.8492381617 7.354617691 12.010040252
4.2461904008 7.354617691 9.608032288
2.5477142813 7.354617691 7.20602418
1.6984761196 5.883694194 9.608032288
5.0954285625 5.883694194 7.20602418
8.4923810054 5.883694194 12.010040252
5.9446667242 7.354617691 12.010040252
9.3416189633 7.354617691 9.608032288
7.6431428438 7.354617691 7.20602418
6.7939046821 5.883694194 9.608032288
10.190857125 5.883694194 7.20602418
13.5878095679 5.883694194 12.010040252
11.0400952867 7.354617691 12.010040252
14.4370475258 7.354617691 9.608032288
12.7385714063 7.354617691 7.20602418
11.8893332446 5.883694194 9.608032288
15.2862856875 5.883694194 7.20602418
18.6832381304 5.883694194 12.010040252
16.1355238492 7.354617691 12.010040252
19.5324760883 7.354617691 9.608032288
17.8339999687 7.354617691 7.20602418
16.9847618071 5.883694194 9.608032288
0.0 8.825541188 7.20602418
3.3969524429 8.825541188 12.010040252
0.8492381617 10.296464685 12.010040252
4.2461904008 10.296464685 9.608032288
2.5477142813 10.296464685 7.20602418
1.6984761196 8.825541188 9.608032288
5.0954285625 8.825541188 7.20602418
8.4923810054 8.825541188 12.010040252
5.9446667242 10.296464685 12.010040252
9.3416189633 10.296464685 9.608032288
7.6431428438 10.296464685 7.20602418
6.7939046821 8.825541188 9.608032288
10.190857125 8.825541188 7.20602418
13.5878095679 8.825541188 12.010040252
11.0400952867 10.296464685 12.010040252
14.4370475258 10.296464685 9.608032288
12.7385714063 10.296464685 7.20602418
11.8893332446 8.825541188 9.608032288
15.2862856875 8.825541188 7.20602418
18.6832381304 8.825541188 12.010040252
16.1355238492 10.296464685 12.010040252
19.5324760883 10.296464685 9.608032288
17.8339999687 10.296464685 7.20602418
16.9847618071 8.825541188 9.608032288
0.0 11.767388182 7.20602418
3.3969524429 11.767388182 12.010040252
0.8492381617 13.238311679 12.010040252
4.2461904008 13.238311679 9.608032288
2.5477142813 13.238311679 7.20602418
1.6984761196 11.767388182 9.608032288
5.0954285625 11.767388182 7.20602418
8.4923810054 11.767388182 12.010040252
5.9446667242 13.238311679 12.010040252
9.3416189633 13.238311679 9.608032288
7.6431428438 13.238311679 7.20602418
6.7939046821 11.767388182 9.608032288
10.190857125 11.767388182 7.20602418
13.5878095679 11.767388182 12.010040252
11.0400952867 13.238311679 12.010040252
14.4370475258 13.238311679 9.608032288
12.7385714063 13.238311679 7.20602418
11.8893332446 11.767388182 9.608032288
15.2862856875 11.767388182 7.20602418
18.6832381304 11.767388182 12.010040252
16.1355238492 13.238311679 12.010040252
19.5324760883 13.238311679 9.608032288
17.8339999687 13.238311679 7.20602418
16.9847618071 11.767388182 9.608032288
0.0 14.709235176 7.20602418
3.3969524429 14.709235176 12.010040252
0.8492381617 16.180158879 12.010040252
4.2461904008 16.180158879 9.608032288
2.5477142813 16.180158879 7.20602418
1.6984761196 14.709235176 9.608032288
5.0954285625 14.709235176 7.20602418
8.4923810054 14.709235176 12.010040252
5.9446667242 16.180158879 12.010040252
9.3416189633 16.180158879 9.608032288
7.6431428438 16.180158879 7.20602418
6.7939046821 14.709235176 9.608032288
10.190857125 14.709235176 7.20602418
13.5878095679 14.709235176 12.010040252
11.0400952867 16.180158879 12.010040252
14.4370475258 16.180158879 9.608032288
12.7385714063 16.180158879 7.20602418
11.8893332446 14.709235176 9.608032288
15.2862856875 14.709235176 7.20602418
18.6832381304 14.709235176 12.010040252
16.1355238492 16.180158879 12.010040252
19.5324760883 16.180158879 9.608032288
17.8339999687 16.180158879 7.20602418
16.9847618071 14.709235176 9.608032288
0.0 17.651082376 7.20602418
3.3969524429 17.651082376 12.010040252
0.8492381617 19.122005873 12.010040252
4.2461904008 19.122005873 9.608032288
2.5477142813 19.122005873 7.20602418
1.6984761196 17.651082376 9.608032288
5.0954285625 17.651082376 7.20602418
8.4923810054 17.651082376 12.010040252
5.9446667242 19.122005873 12.010040252
9.3416189633 19.122005873 9.608032288
7.6431428438 19.122005873 7.20602418
6.7939046821 17.651082376 9.608032288
10.190857125 17.651082376 7.20602418
13.5878095679 17.651082376 12.010040252
11.0400952867 19.122005873 12.010040252
14.4370475258 19.122005873 9.608032288
12.7385714063 19.122005873 7.20602418
11.8893332446 17.651082376 9.608032288
15.2862856875 17.651082376 7.20602418
18.6832381304 17.651082376 12.010040252
16.1355238492 19.122005873 12.010040252
19.5324760883 19.122005873 9.608032288
17.8339999687 19.122005873 7.20602418
16.9847618071 17.651082376 9.608032288
9.3 10.3 14.4
