2.196305616926892412e+00 2.196305616926892412e+00 1.080683799366497777e-01
1.320415907805106703e-01 1.320415907805111422e-01 1.320415907805106426e-01
9.996864271573803473e-02 4.225121127479903649e+00 9.996864271573784044e-02
2.180870183252119343e+00 6.263141976334871686e+00 9.276178300234542984e-02
9.616113649622529125e-02 8.299564462070211590e+00 9.616113649622573534e-02
2.187336483483775851e+00 1.033002603849145729e+01 9.753026498755167084e-02
1.135191711736010106e-01 1.236581866629795634e+01 1.135191711736013992e-01
2.195581333702045335e+00 1.444788082882639735e+01 1.135191711736021764e-01
4.225121127479904537e+00 9.996864271573817351e-02 9.996864271573870087e-02
6.263141976334871686e+00 2.180870183252119343e+00 9.276178300234597107e-02
4.231310885620251483e+00 4.231310885620251483e+00 8.826262411598097268e-02
6.264155508892989666e+00 6.264155508892990554e+00 7.982438679621890742e-02
4.226983353070242089e+00 8.296690620519285631e+00 8.392716322078606905e-02
6.264709379480713380e+00 1.033441664692975337e+01 8.392716322078593028e-02
4.231373961508541726e+00 1.237406351651622138e+01 9.753026498755174023e-02
6.261835537929784756e+00 1.446523886350376920e+01 9.616113649622438919e-02
8.299564462070213366e+00 9.616113649622634596e-02 9.616113649622617943e-02
1.033002603849145729e+01 2.187336483483778515e+00 9.753026498755214269e-02
8.296690620519283854e+00 4.226983353070242977e+00 8.392716322078683233e-02
1.033441664692975515e+01 6.264709379480713380e+00 8.392716322078641600e-02
8.297244491107006681e+00 8.297244491107006681e+00 7.982438679621876865e-02
1.033008911437974753e+01 1.033008911437974753e+01 8.826262411598087554e-02
8.298258023665127325e+00 1.238052981674787745e+01 9.276178300234534657e-02
1.033627887252009181e+01 1.446143135728426010e+01 9.996864271573747962e-02
1.236581866629795456e+01 1.135191711736019265e-01 1.135191711736011910e-01
1.444788082882639735e+01 2.195581333702044891e+00 1.135191711736017461e-01
1.237406351651622316e+01 4.231373961508541726e+00 9.753026498755187901e-02
1.446523886350377275e+01 6.261835537929784756e+00 9.616113649622522186e-02
1.238052981674787922e+01 8.298258023665127325e+00 9.276178300234567964e-02
1.446143135728426010e+01 1.033627887252009181e+01 9.996864271573764615e-02
1.236509438307310660e+01 1.236509438307310660e+01 1.080683799366490977e-01
1.442935840921948731e+01 1.442935840921948731e+01 1.320415907805121691e-01
1.080683799366494169e-01 2.196305616926892856e+00 2.196305616926891968e+00
2.196305616926891968e+00 1.080683799366499859e-01 2.196305616926892412e+00
1.033002603849145729e+01 9.753026498755268392e-02 2.187336483483777183e+00
8.296271054173997683e+00 2.180785500693296353e+00 2.180785500693296353e+00
6.263141976334871686e+00 9.276178300234579066e-02 2.180870183252119787e+00
4.232840289811108825e+00 2.185468580699978070e+00 2.185468580699977625e+00
1.033134744512380010e+01 4.230052554876199800e+00 2.180330166146549509e+00
8.297533385600532441e+00 6.263866614399464794e+00 2.173518776737647595e+00
2.180785500693295464e+00 8.296271054173997683e+00 2.180785500693295464e+00
9.753026498755136553e-02 1.033002603849145729e+01 2.187336483483776739e+00
1.033350666476174062e+01 8.296586205004825132e+00 2.176795514332042547e+00
8.296586205004825132e+00 1.033350666476174062e+01 2.176795514332042547e+00
6.264813794995171214e+00 4.227893335238257499e+00 2.176795514332042991e+00
4.227893335238256611e+00 6.264813794995172103e+00 2.176795514332042547e+00
1.032855971018889107e+01 1.237593141930002005e+01 2.185468580699977625e+00
8.298258023665127325e+00 1.446863821699765040e+01 2.180870183252118899e+00
2.185468580699977625e+00 4.232840289811108825e+00 2.185468580699977625e+00
9.276178300234529106e-02 6.263141976334870797e+00 2.180870183252118899e+00
1.444788082882639735e+01 1.135191711736017878e-01 2.195581333702044446e+00
1.237104001670048170e+01 2.190359983299520419e+00 2.190359983299519975e+00
6.263866614399464794e+00 8.297533385600530664e+00 2.173518776737647595e+00
4.230052554876199800e+00 1.033134744512379832e+01 2.180330166146549065e+00
1.446386973501244988e+01 4.231373961508541726e+00 2.187336483483778071e+00
1.238061449930670399e+01 6.265128945825999551e+00 2.180785500693296353e+00
2.190359983299519975e+00 1.237104001670048170e+01 2.190359983299519975e+00
1.135191711736018294e-01 1.444788082882639735e+01 2.195581333702044891e+00
1.446863821699765218e+01 8.298258023665127325e+00 2.180870183252119787e+00
1.237593141930002005e+01 1.032855971018889107e+01 2.185468580699977625e+00
6.265128945825998663e+00 1.238061449930670044e+01 2.180785500693296353e+00
4.231373961508542614e+00 1.446386973501244810e+01 2.187336483483777627e+00
1.445333162006334682e+01 1.236509438307310482e+01 2.196305616926891968e+00
1.236509438307310482e+01 1.445333162006334682e+01 2.196305616926892412e+00
8.297877999539819527e+00 8.297877999539819527e+00 4.224070460010492134e+00
1.033335687557245208e+01 1.033335687557245208e+01 4.228043124427546040e+00
8.826262411598082003e-02 4.231310885620251483e+00 4.231310885620251483e+00
2.176795514332042547e+00 6.264813794995172103e+00 4.227893335238256611e+00
4.230052554876199800e+00 1.238106983385344861e+01 4.230052554876199800e+00
6.264709379480714269e+00 1.447747283677921359e+01 4.226983353070243865e+00
8.296586205004825132e+00 1.238460448566795691e+01 4.227893335238256611e+00
1.033008911437974575e+01 1.447313737588401850e+01 4.231310885620251483e+00
9.753026498755214269e-02 1.237406351651622316e+01 4.231373961508541726e+00
2.187336483483778071e+00 1.446386973501244988e+01 4.231373961508541726e+00
4.228043124427545152e+00 4.228043124427546040e+00 4.228043124427546040e+00
6.263522000460177708e+00 6.263522000460177708e+00 4.224070460010492134e+00
1.237406351651622316e+01 9.753026498755253126e-02 4.231373961508541726e+00
1.446386973501244988e+01 2.187336483483778071e+00 4.231373961508542614e+00
8.296690620519285631e+00 8.392716322078672131e-02 4.226983353070242977e+00
1.033134744512380010e+01 2.180330166146549953e+00 4.230052554876198911e+00
8.392716322078606905e-02 8.296690620519283854e+00 4.226983353070242089e+00
2.180330166146549509e+00 1.033134744512379832e+01 4.230052554876198911e+00
1.238106983385345039e+01 4.230052554876199800e+00 4.230052554876200688e+00
1.447747283677921359e+01 6.264709379480713380e+00 4.226983353070243865e+00
2.185468580699977181e+00 2.185468580699977625e+00 4.232840289811108825e+00
9.996864271573764615e-02 9.996864271573867311e-02 4.225121127479904537e+00
8.297367969462243309e+00 4.225828969139302949e+00 4.225828969139302949e+00
1.033557103086069517e+01 6.264032030537753037e+00 4.225828969139302949e+00
1.238460448566795691e+01 8.296586205004825132e+00 4.227893335238256611e+00
1.447313737588401850e+01 1.033008911437974753e+01 4.231310885620251483e+00
4.225828969139302949e+00 8.297367969462243309e+00 4.225828969139302060e+00
6.264032030537753926e+00 1.033557103086069340e+01 4.225828969139302949e+00
4.231310885620251483e+00 8.826262411598119473e-02 4.231310885620251483e+00
6.264813794995172103e+00 2.176795514332043435e+00 4.227893335238257499e+00
1.237593141930002005e+01 1.237593141930002005e+01 4.232840289811108825e+00
1.446143135728426188e+01 1.446143135728426010e+01 4.225121127479903649e+00
6.262895478219517642e+00 8.298504521780479593e+00 6.262895478219518530e+00
4.225828969139302949e+00 1.033557103086069517e+01 6.264032030537753037e+00
2.176795514332042547e+00 4.227893335238257499e+00 6.264813794995172103e+00
7.982438679621921274e-02 6.264155508892989666e+00 6.264155508892989666e+00
9.276178300234554086e-02 2.180870183252119787e+00 6.263141976334871686e+00
2.180870183252118899e+00 9.276178300234570739e-02 6.263141976334871686e+00
1.446523886350377097e+01 9.616113649622548554e-02 6.261835537929784756e+00
1.238061449930670221e+01 2.180785500693296353e+00 6.265128945825999551e+00
1.033557103086069517e+01 4.225828969139302949e+00 6.264032030537753926e+00
8.298504521780479593e+00 6.262895478219518530e+00 6.262895478219518530e+00
6.263522000460177708e+00 4.224070460010492134e+00 6.263522000460177708e+00
4.224070460010492134e+00 6.263522000460177708e+00 6.263522000460177708e+00
6.263866614399465682e+00 1.238788122326235097e+01 6.263866614399464794e+00
4.226983353070243865e+00 1.447747283677921359e+01 6.264709379480713380e+00
1.447747283677921537e+01 4.226983353070242977e+00 6.264709379480715157e+00
1.238788122326235097e+01 6.263866614399464794e+00 6.263866614399465682e+00
2.173518776737647595e+00 8.297533385600532441e+00 6.263866614399464794e+00
8.392716322078581925e-02 1.033441664692975515e+01 6.264709379480713380e+00
1.033732953998950599e+01 8.297877999539819527e+00 6.263522000460177708e+00
8.297877999539819527e+00 1.033732953998950599e+01 6.263522000460177708e+00
6.264155508892989666e+00 7.982438679621954580e-02 6.264155508892989666e+00
4.227893335238256611e+00 2.176795514332042991e+00 6.264813794995172103e+00
1.448157561320377873e+01 8.297244491107006681e+00 6.264155508892989666e+00
1.238460448566795691e+01 1.033350666476174062e+01 6.264813794995172103e+00
2.180785500693295909e+00 1.238061449930670221e+01 6.265128945825998663e+00
9.616113649622505533e-02 1.446523886350377097e+01 6.261835537929783868e+00
1.033441664692975515e+01 8.392716322078637436e-02 6.264709379480713380e+00
8.297533385600532441e+00 2.173518776737647595e+00 6.263866614399464794e+00
1.033350666476174062e+01 1.238460448566795691e+01 6.264813794995172103e+00
8.297244491107006681e+00 1.448157561320377873e+01 6.264155508892989666e+00
1.446863821699765218e+01 1.238052981674787922e+01 6.263141976334871686e+00
1.238052981674787922e+01 1.446863821699765218e+01 6.263141976334870797e+00
1.238052981674787922e+01 9.276178300234576291e-02 8.298258023665127325e+00
1.446863821699765040e+01 2.180870183252118899e+00 8.298258023665129102e+00
4.224070460010492134e+00 8.297877999539819527e+00 8.297877999539819527e+00
6.263522000460177708e+00 1.033732953998950777e+01 8.297877999539819527e+00
9.276178300234504126e-02 1.238052981674787922e+01 8.298258023665127325e+00
2.180870183252118455e+00 1.446863821699765040e+01 8.298258023665127325e+00
8.298504521780481369e+00 8.298504521780481369e+00 8.298504521780481369e+00
1.033557103086069517e+01 1.033557103086069517e+01 8.297367969462243309e+00
8.297244491107006681e+00 7.982438679621929600e-02 8.297244491107006681e+00
1.033350666476174062e+01 2.176795514332042991e+00 8.296586205004825132e+00
1.238460448566795691e+01 4.227893335238257499e+00 8.296586205004825132e+00
1.448157561320377873e+01 6.264155508892990554e+00 8.297244491107006681e+00
4.225828969139302949e+00 4.225828969139302949e+00 8.297367969462243309e+00
6.262895478219518530e+00 6.262895478219518530e+00 8.298504521780479593e+00
4.226983353070242977e+00 8.392716322078692948e-02 8.296690620519285631e+00
6.263866614399464794e+00 2.173518776737647595e+00 8.297533385600532441e+00
8.392716322078652702e-02 4.226983353070242977e+00 8.296690620519285631e+00
2.173518776737647595e+00 6.263866614399465682e+00 8.297533385600532441e+00
8.297533385600534217e+00 1.238788122326235097e+01 8.297533385600532441e+00
1.033441664692975515e+01 1.447747283677921537e+01 8.296690620519283854e+00
1.238788122326235097e+01 8.297533385600532441e+00 8.297533385600532441e+00
1.447747283677921359e+01 1.033441664692975515e+01 8.296690620519283854e+00
4.227893335238256611e+00 1.238460448566795691e+01 8.296586205004825132e+00
6.264155508892989666e+00 1.448157561320377873e+01 8.297244491107004905e+00
8.297877999539819527e+00 4.224070460010492134e+00 8.297877999539819527e+00
1.033732953998950599e+01 6.263522000460178596e+00 8.297877999539819527e+00
7.982438679621878252e-02 8.297244491107006681e+00 8.297244491107006681e+00
2.176795514332042547e+00 1.033350666476174062e+01 8.296586205004825132e+00
2.180785500693296353e+00 2.180785500693296353e+00 8.296271054173997683e+00
9.616113649622570758e-02 9.616113649622645698e-02 8.299564462070213366e+00
1.238061449930670221e+01 1.238061449930670221e+01 8.296271054173997683e+00
1.446523886350377097e+01 1.446523886350377097e+01 8.299564462070209814e+00
6.264813794995172991e+00 1.238460448566795691e+01 1.033350666476174062e+01
4.231310885620251483e+00 1.447313737588401850e+01 1.033008911437974575e+01
6.264709379480714269e+00 8.392716322078636049e-02 1.033441664692975515e+01
4.230052554876198911e+00 2.180330166146549509e+00 1.033134744512380010e+01
6.263522000460178596e+00 8.297877999539821303e+00 1.033732953998950599e+01
4.228043124427545152e+00 1.033335687557245208e+01 1.033335687557245208e+01
1.447313737588401850e+01 4.231310885620252371e+00 1.033008911437974753e+01
1.238460448566795691e+01 6.264813794995173879e+00 1.033350666476174062e+01
1.033335687557245208e+01 4.228043124427546928e+00 1.033335687557245208e+01
8.297877999539819527e+00 6.263522000460178596e+00 1.033732953998950599e+01
1.033134744512380010e+01 1.238106983385345039e+01 1.033134744512379832e+01
8.296690620519283854e+00 1.447747283677921359e+01 1.033441664692975337e+01
6.264032030537753926e+00 4.225828969139302949e+00 1.033557103086069517e+01
4.225828969139302949e+00 6.264032030537753926e+00 1.033557103086069517e+01
2.180330166146549509e+00 4.230052554876199800e+00 1.033134744512380010e+01
8.392716322078604130e-02 6.264709379480714269e+00 1.033441664692975515e+01
9.753026498755222595e-02 2.187336483483777627e+00 1.033002603849145729e+01
2.187336483483777627e+00 9.753026498755239249e-02 1.033002603849145729e+01
1.447747283677921359e+01 8.296690620519285631e+00 1.033441664692975337e+01
1.238106983385345039e+01 1.033134744512380010e+01 1.033134744512379832e+01
1.033008911437974753e+01 8.826262411598079227e-02 1.033008911437974575e+01
8.296586205004825132e+00 2.176795514332042991e+00 1.033350666476174062e+01
2.185468580699976737e+00 1.237593141930002005e+01 1.032855971018888930e+01
9.996864271573688288e-02 1.446143135728426010e+01 1.033627887252009359e+01
1.446143135728426188e+01 9.996864271573820127e-02 1.033627887252009359e+01
1.237593141930002005e+01 2.185468580699977625e+00 1.032855971018889107e+01
1.033557103086069517e+01 8.297367969462245085e+00 1.033557103086069517e+01
8.297367969462245085e+00 1.033557103086069695e+01 1.033557103086069517e+01
2.176795514332042547e+00 8.296586205004825132e+00 1.033350666476174062e+01
8.826262411598008450e-02 1.033008911437974753e+01 1.033008911437974575e+01
1.446386973501244988e+01 1.237406351651622316e+01 1.033002603849145373e+01
1.237406351651622316e+01 1.446386973501244988e+01 1.033002603849145551e+01
8.296271054173999460e+00 1.238061449930670221e+01 1.238061449930670221e+01
1.033002603849145551e+01 1.446386973501244988e+01 1.237406351651622138e+01
1.237593141930002005e+01 4.232840289811110601e+00 1.237593141930002005e+01
1.446863821699765040e+01 6.263141976334872574e+00 1.238052981674787922e+01
8.298258023665129102e+00 9.276178300234548535e-02 1.238052981674787922e+01
1.032855971018889107e+01 2.185468580699978070e+00 1.237593141930002005e+01
4.230052554876199800e+00 4.230052554876199800e+00 1.238106983385345039e+01
6.263866614399464794e+00 6.263866614399465682e+00 1.238788122326235097e+01
4.232840289811108825e+00 1.237593141930002005e+01 1.237593141930001828e+01
6.263141976334871686e+00 1.446863821699765218e+01 1.238052981674787922e+01
4.227893335238256611e+00 8.296586205004826908e+00 1.238460448566795691e+01
6.264813794995172103e+00 1.033350666476174240e+01 1.238460448566795513e+01
8.297533385600532441e+00 8.297533385600534217e+00 1.238788122326235097e+01
1.033134744512380010e+01 1.033134744512380010e+01 1.238106983385345039e+01
1.080683799366482095e-01 1.236509438307310482e+01 1.236509438307310660e+01
2.196305616926891524e+00 1.445333162006334682e+01 1.236509438307310482e+01
1.238061449930670221e+01 8.296271054173999460e+00 1.238061449930670221e+01
1.446386973501244810e+01 1.033002603849145551e+01 1.237406351651622138e+01
1.236509438307310482e+01 1.080683799366484177e-01 1.236509438307310482e+01
1.445333162006334682e+01 2.196305616926892412e+00 1.236509438307310660e+01
2.190359983299519975e+00 2.190359983299519975e+00 1.237104001670048170e+01
1.135191711736017045e-01 1.135191711736010800e-01 1.236581866629795456e+01
9.753026498755233697e-02 4.231373961508541726e+00 1.237406351651622316e+01
2.180785500693295909e+00 6.265128945825999551e+00 1.238061449930670221e+01
8.296586205004825132e+00 4.227893335238257499e+00 1.238460448566795691e+01
1.033350666476174062e+01 6.264813794995173879e+00 1.238460448566795691e+01
4.231373961508541726e+00 9.753026498755203166e-02 1.237406351651622316e+01
6.265128945825999551e+00 2.180785500693296353e+00 1.238061449930670221e+01
9.276178300234516616e-02 8.298258023665129102e+00 1.238052981674787922e+01
2.185468580699977181e+00 1.032855971018889107e+01 1.237593141930002005e+01
1.237104001670048170e+01 1.237104001670048170e+01 1.237104001670047992e+01
1.444788082882639912e+01 1.444788082882639735e+01 1.236581866629795279e+01
2.195581333702044891e+00 1.135191711736012188e-01 1.444788082882639735e+01
1.135191711736024262e-01 2.195581333702044002e+00 1.444788082882639735e+01
1.033441664692975337e+01 8.296690620519285631e+00 1.447747283677921359e+01
8.296690620519283854e+00 1.033441664692975515e+01 1.447747283677921359e+01
6.264709379480714269e+00 4.226983353070243865e+00 1.447747283677921359e+01
4.226983353070243865e+00 6.264709379480715157e+00 1.447747283677921359e+01
2.180870183252119787e+00 8.298258023665129102e+00 1.446863821699765040e+01
9.996864271573775718e-02 1.033627887252009359e+01 1.446143135728426188e+01
1.033008911437974753e+01 4.231310885620252371e+00 1.447313737588401850e+01
8.297244491107006681e+00 6.264155508892990554e+00 1.448157561320377873e+01
1.442935840921948554e+01 1.320415907805105316e-01 1.442935840921948731e+01
1.236509438307310482e+01 2.196305616926892856e+00 1.445333162006334682e+01
6.264155508892989666e+00 8.297244491107008457e+00 1.448157561320377695e+01
4.231310885620251483e+00 1.033008911437974930e+01 1.447313737588401850e+01
1.446523886350377097e+01 8.299564462070211590e+00 1.446523886350377097e+01
1.237406351651622138e+01 1.033002603849145551e+01 1.446386973501244810e+01
1.033627887252009359e+01 9.996864271573792371e-02 1.446143135728426188e+01
8.298258023665127325e+00 2.180870183252119787e+00 1.446863821699765040e+01
6.263141976334870797e+00 1.238052981674788100e+01 1.446863821699765040e+01
4.225121127479903649e+00 1.446143135728426188e+01 1.446143135728426010e+01
2.187336483483778071e+00 4.231373961508542614e+00 1.446386973501244988e+01
9.616113649622558268e-02 6.261835537929786533e+00 1.446523886350377097e+01
1.033002603849145551e+01 1.237406351651622316e+01 1.446386973501244988e+01
8.299564462070209814e+00 1.446523886350377275e+01 1.446523886350377097e+01
6.261835537929785644e+00 9.616113649622466675e-02 1.446523886350376920e+01
4.231373961508542614e+00 2.187336483483777627e+00 1.446386973501244988e+01
2.196305616926891968e+00 1.236509438307310660e+01 1.445333162006334682e+01
1.320415907805100320e-01 1.442935840921948731e+01 1.442935840921948554e+01
1.446143135728426010e+01 4.225121127479905425e+00 1.446143135728426188e+01
1.238052981674787922e+01 6.263141976334872574e+00 1.446863821699765218e+01
1.444788082882639735e+01 1.236581866629795456e+01 1.444788082882639735e+01
1.236581866629795456e+01 1.444788082882639912e+01 1.444788082882639557e+01
