2.100824747136725179e+00 2.100824747136725623e+00 2.927329136302335086e-04
2.096635814819208798e-02 2.096635814819217472e-02 2.096635814819189716e-02
-1.474810852629660895e-03 4.164279037180351750e+00 -1.474810852629430827e-03
2.094504077047910862e+00 6.233754866666336270e+00 -8.764227200479373855e-03
7.251863530043929640e-03 8.299005221751349026e+00 7.251863530045017311e-03
2.101994778248649887e+00 1.039374813646995044e+01 7.251863530044811747e-03
4.164279037180350862e+00 -1.474810852629571123e-03 -1.474810852629482435e-03
6.233754866666336270e+00 2.094504077047910418e+00 -8.764227200479438040e-03
4.166312304976015568e+00 4.166312304976015568e+00 -1.733648512850372719e-02
6.234687695023983345e+00 6.234687695023982457e+00 -1.733648512850378617e-02
4.167245133333663532e+00 8.306495922952088051e+00 -8.764227200479351304e-03
6.236720962819648051e+00 1.040247481085262748e+01 -1.474810852629918935e-03
8.299005221751349026e+00 7.251863530044246227e-03 7.251863530044793532e-03
1.039374813646995221e+01 2.101994778248649443e+00 7.251863530045664363e-03
8.306495922952088051e+00 4.167245133333662643e+00 -8.764227200479420693e-03
1.040247481085262926e+01 6.236720962819647163e+00 -1.474810852629594108e-03
8.300175252863272846e+00 8.300175252863271069e+00 2.927329136304712199e-04
1.038003364185180821e+01 1.038003364185180821e+01 2.096635814819335433e-02
6.235523428874819807e+00 4.165476571125178218e+00 2.086908026436442576e+00
4.165476571125179106e+00 6.235523428874818919e+00 2.086908026436443020e+00
2.095017093930441110e+00 8.305982906069555582e+00 2.095017093930441998e+00
7.251863530044735419e-03 1.039374813646995221e+01 2.101994778248650775e+00
6.233642713855275019e+00 8.309656965198310985e+00 2.091343034801687484e+00
4.167245133333662643e+00 1.040976422720047623e+01 2.094504077047911306e+00
2.091343034801686596e+00 4.167357286144723005e+00 2.091343034801687484e+00
-8.764227200479939375e-03 6.233754866666336270e+00 2.094504077047911306e+00
1.039374813646995044e+01 7.251863530044054540e-03 2.101994778248650775e+00
8.305982906069555582e+00 2.095017093930440666e+00 2.095017093930441998e+00
6.233754866666335381e+00 -8.764227200479932436e-03 2.094504077047911306e+00
4.167357286144723005e+00 2.091343034801686596e+00 2.091343034801687484e+00
1.040976422720047623e+01 4.167245133333662643e+00 2.094504077047911306e+00
8.309656965198312761e+00 6.233642713855275019e+00 2.091343034801687484e+00
2.927329136297658922e-04 2.100824747136725623e+00 2.100824747136726067e+00
2.100824747136725179e+00 2.927329136298101818e-04 2.100824747136725623e+00
1.040070726708636961e+01 8.300175252863271069e+00 2.100824747136726067e+00
8.300175252863271069e+00 1.040070726708636784e+01 2.100824747136725623e+00
-8.764227200479811006e-03 8.306495922952088051e+00 4.167245133333663532e+00
2.094504077047911306e+00 1.040976422720047623e+01 4.167245133333663532e+00
2.091343034801687040e+00 2.091343034801686596e+00 4.167357286144723894e+00
-1.474810852629533393e-03 -1.474810852629515829e-03 4.164279037180352638e+00
8.306495922952088051e+00 -8.764227200479991417e-03 4.167245133333664420e+00
1.040976422720047623e+01 2.094504077047910862e+00 4.167245133333662643e+00
4.164372829060456915e+00 4.164372829060456915e+00 4.164372829060457804e+00
6.236627170939541109e+00 6.236627170939541109e+00 4.164372829060457804e+00
-1.733648512850451476e-02 4.166312304976015568e+00 4.166312304976016456e+00
2.086908026436442132e+00 6.235523428874819807e+00 4.165476571125179994e+00
8.314091973563554561e+00 4.165476571125178218e+00 4.165476571125179994e+00
1.041833648512850097e+01 6.234687695023982457e+00 4.166312304976016456e+00
4.166312304976015568e+00 -1.733648512850462578e-02 4.166312304976016456e+00
6.235523428874819807e+00 2.086908026436442132e+00 4.165476571125179994e+00
4.165476571125179106e+00 8.314091973563554561e+00 4.165476571125179106e+00
6.234687695023982457e+00 1.041833648512850097e+01 4.166312304976016456e+00
8.309656965198312761e+00 8.309656965198312761e+00 4.167357286144723005e+00
1.040247481085262748e+01 1.040247481085262926e+01 4.164279037180350862e+00
1.040247481085262926e+01 -1.474810852630280842e-03 6.236720962819648051e+00
8.309656965198312761e+00 2.091343034801686596e+00 6.233642713855275908e+00
2.086908026436442132e+00 4.165476571125179106e+00 6.235523428874820695e+00
-1.733648512850435169e-02 6.234687695023983345e+00 6.234687695023983345e+00
-8.764227200479868252e-03 2.094504077047910418e+00 6.233754866666337158e+00
2.094504077047910862e+00 -8.764227200479838761e-03 6.233754866666337158e+00
6.235523428874819807e+00 8.314091973563554561e+00 6.235523428874818919e+00
4.166312304976015568e+00 1.041833648512850097e+01 6.234687695023983345e+00
1.041833648512850097e+01 4.166312304976015568e+00 6.234687695023983345e+00
8.314091973563554561e+00 6.235523428874818919e+00 6.235523428874819807e+00
2.091343034801687484e+00 8.309656965198312761e+00 6.233642713855275908e+00
-1.474810852630042317e-03 1.040247481085262926e+01 6.236720962819648051e+00
6.236627170939541109e+00 4.164372829060456915e+00 6.236627170939541998e+00
4.164372829060456915e+00 6.236627170939541109e+00 6.236627170939541998e+00
6.234687695023982457e+00 -1.733648512850458068e-02 6.234687695023984233e+00
4.165476571125179106e+00 2.086908026436442132e+00 6.235523428874820695e+00
1.040976422720047623e+01 8.306495922952088051e+00 6.233754866666336270e+00
8.306495922952088051e+00 1.040976422720047623e+01 6.233754866666336270e+00
4.167357286144723894e+00 8.309656965198312761e+00 8.309656965198312761e+00
6.233754866666336270e+00 1.040976422720047623e+01 8.306495922952088051e+00
4.165476571125179106e+00 4.165476571125179106e+00 8.314091973563554561e+00
6.235523428874818919e+00 6.235523428874819807e+00 8.314091973563556337e+00
-8.764227200479783250e-03 4.167245133333663532e+00 8.306495922952088051e+00
2.091343034801687484e+00 6.233642713855275908e+00 8.309656965198312761e+00
8.309656965198312761e+00 4.167357286144723005e+00 8.309656965198312761e+00
1.040976422720047623e+01 6.233754866666336270e+00 8.306495922952088051e+00
2.927329136300725046e-04 8.300175252863272846e+00 8.300175252863271069e+00
2.100824747136725623e+00 1.040070726708636961e+01 8.300175252863271069e+00
2.095017093930441110e+00 2.095017093930441554e+00 8.305982906069555582e+00
7.251863530044629601e-03 7.251863530044535926e-03 8.299005221751350803e+00
8.300175252863271069e+00 2.927329136296836012e-04 8.300175252863272846e+00
1.040070726708636961e+01 2.100824747136725179e+00 8.300175252863271069e+00
4.167245133333663532e+00 -8.764227200479849170e-03 8.306495922952089828e+00
6.233642713855275908e+00 2.091343034801687040e+00 8.309656965198312761e+00
8.305982906069555582e+00 8.305982906069555582e+00 8.305982906069555582e+00
1.039374813646995221e+01 1.039374813646995221e+01 8.299005221751349026e+00
6.236720962819648051e+00 -1.474810852629640946e-03 1.040247481085262926e+01
4.167245133333662643e+00 2.094504077047911750e+00 1.040976422720047623e+01
2.100824747136726067e+00 8.300175252863272846e+00 1.040070726708636784e+01
2.096635814819235860e-02 1.038003364185180821e+01 1.038003364185180821e+01
1.040247481085262926e+01 4.164279037180350862e+00 1.040247481085262748e+01
8.306495922952088051e+00 6.233754866666336270e+00 1.040976422720047623e+01
6.234687695023983345e+00 4.166312304976016456e+00 1.041833648512850097e+01
4.166312304976016456e+00 6.234687695023983345e+00 1.041833648512850274e+01
1.038003364185180821e+01 2.096635814819208105e-02 1.038003364185180821e+01
8.300175252863272846e+00 2.100824747136725623e+00 1.040070726708636961e+01
6.233754866666336270e+00 8.306495922952088051e+00 1.040976422720047800e+01
4.164279037180350862e+00 1.040247481085262926e+01 1.040247481085262748e+01
2.094504077047911306e+00 4.167245133333663532e+00 1.040976422720047623e+01
-1.474810852629341706e-03 6.236720962819648939e+00 1.040247481085262926e+01
2.101994778248650331e+00 7.251863530045137875e-03 1.039374813646995221e+01
7.251863530045213335e-03 2.101994778248650331e+00 1.039374813646995221e+01
1.039374813646995221e+01 8.299005221751349026e+00 1.039374813646995221e+01
8.299005221751349026e+00 1.039374813646995221e+01 1.039374813646995221e+01
