2.108704040372018529e+00 2.108704040372018973e+00 8.181811117292984992e-03
2.889716513593740613e-02 2.889716513593770797e-02 2.889716513593832206e-02
4.690562693904011191e-03 4.169517660491541378e+00 4.690562693904556761e-03
2.095927300815002337e+00 6.243889133406071323e+00 -5.684000701152901180e-03
2.737835690753391647e-03 8.318538524374865517e+00 2.737835690754188318e-03
2.101325609256310845e+00 1.038686208072830830e+01 -1.825425328496594387e-03
1.458107594767242034e-02 1.245228284880529124e+01 1.458107594767257820e-02
2.109117151194711770e+00 1.454681892405232801e+01 1.458107594767299280e-02
4.169517660491540489e+00 4.690562693903894097e-03 4.690562693904600997e-03
6.243889133406070435e+00 2.095927300815002337e+00 -5.684000701152937610e-03
4.174227612421129940e+00 4.174227612421130829e+00 -1.183269998081557667e-02
6.244574334812894811e+00 6.244574334812894811e+00 -1.972740855546396832e-02
4.170492260446351018e+00 8.316278350238928141e+00 -1.573112205374029363e-02
6.245121649761072646e+00 1.039090773955364710e+01 -1.573112205373969688e-02
4.174537919271689823e+00 1.246007439074368683e+01 -1.825425328496387738e-03
6.242861475625131717e+00 1.455866216430924354e+01 2.737835690753471444e-03
8.318538524374865517e+00 2.737835690753963238e-03 2.737835690754055612e-03
1.038686208072830830e+01 2.101325609256311289e+00 -1.825425328496725359e-03
8.316278350238928141e+00 4.170492260446351018e+00 -1.573112205374046363e-02
1.039090773955364710e+01 6.245121649761071758e+00 -1.573112205374001954e-02
8.316825665187101535e+00 8.316825665187101535e+00 -1.972740855546410710e-02
1.038717238757886996e+01 1.038717238757886996e+01 -1.183269998081583861e-02
8.317510866593929464e+00 1.246547269918499623e+01 -5.684000701151579321e-03
1.039188233950845763e+01 1.455670943730609501e+01 4.690562693904508189e-03
1.245228284880529124e+01 1.458107594767247411e-02 1.458107594767242728e-02
1.454681892405232624e+01 2.109117151194711326e+00 1.458107594767242901e-02
1.246007439074368683e+01 4.174537919271689823e+00 -1.825425328496774581e-03
1.455866216430924176e+01 6.242861475625131717e+00 2.737835690753198659e-03
1.246547269918499623e+01 8.317510866593929464e+00 -5.684000701151584525e-03
1.455670943730609501e+01 1.039188233950845763e+01 4.690562693904781408e-03
1.245269595962798270e+01 1.245269595962798270e+01 8.181811117293272956e-03
1.453250283486406502e+01 1.453250283486406502e+01 2.889716513594042455e-02
8.181811117292164467e-03 2.108704040372018973e+00 2.108704040372019861e+00
2.108704040372018529e+00 8.181811117292372634e-03 2.108704040372019861e+00
1.038686208072830830e+01 -1.825425328496788025e-03 2.101325609256310845e+00
8.315601954076081270e+00 2.093757084706148852e+00 2.093757084706148852e+00
6.243889133406070435e+00 -5.684000701153033887e-03 2.095927300815002337e+00
4.176452908567564570e+00 2.098132040947953136e+00 2.098132040947953136e+00
1.038762452701472228e+01 4.173775472985274959e+00 2.092233044073681381e+00
8.316767201290417688e+00 6.244632798709581323e+00 2.084208050475561791e+00
2.093757084706148408e+00 8.315601954076083047e+00 2.093757084706149296e+00
-1.825425328497132368e-03 1.038686208072830830e+01 2.101325609256311733e+00
1.038976220683532858e+01 8.315854103764291239e+00 2.088229379713372413e+00
8.315854103764291239e+00 1.038976220683532858e+01 2.088229379713372413e+00
6.245545896235708661e+00 4.171637793164670427e+00 2.088229379713371969e+00
4.171637793164669539e+00 6.245545896235709549e+00 2.088229379713372413e+00
1.038494709143243533e+01 1.246326795905204676e+01 2.098132040947953580e+00
8.317510866593927688e+00 1.456708400070115239e+01 2.095927300815002781e+00
2.098132040947952692e+00 4.176452908567565458e+00 2.098132040947953580e+00
-5.684000701153240319e-03 6.243889133406071323e+00 2.095927300815002337e+00
1.454681892405232801e+01 1.458107594767333280e-02 2.109117151194711326e+00
1.245860161890673012e+01 2.102798381093267555e+00 2.102798381093267555e+00
6.244632798709581323e+00 8.316767201290417688e+00 2.084208050475561791e+00
4.173775472985275847e+00 1.038762452701472228e+01 2.092233044073681825e+00
1.456322542532849518e+01 4.174537919271690711e+00 2.101325609256311733e+00
1.246764291529384927e+01 6.245798045923914188e+00 2.093757084706148852e+00
2.102798381093267555e+00 1.245860161890673012e+01 2.102798381093267555e+00
1.458107594767297545e-02 1.454681892405232801e+01 2.109117151194710882e+00
1.456708400070115239e+01 8.317510866593927688e+00 2.095927300815002781e+00
1.246326795905204676e+01 1.038494709143243533e+01 2.098132040947953580e+00
6.245798045923914188e+00 1.246764291529384927e+01 2.093757084706148852e+00
4.174537919271690711e+00 1.456322542532849695e+01 2.101325609256312177e+00
1.455321818888270968e+01 1.245269595962798093e+01 2.108704040372019417e+00
1.245269595962798093e+01 1.455321818888270968e+01 2.108704040372019417e+00
8.317046374953660504e+00 8.317046374953660504e+00 4.166960397237089886e+00
1.038968909382940176e+01 1.038968909382940176e+01 4.171710906170600808e+00
-1.183269998081619423e-02 4.174227612421130829e+00 4.174227612421130829e+00
2.088229379713371969e+00 6.245545896235709549e+00 4.171637793164669539e+00
4.173775472985275847e+00 1.246916695592631896e+01 4.173775472985274959e+00
6.245121649761071758e+00 1.457713112205373918e+01 4.170492260446351018e+00
8.315854103764291239e+00 1.247317062028662704e+01 4.171637793164669539e+00
1.038717238757886996e+01 1.457323269998081550e+01 4.174227612421131717e+00
-1.825425328497206961e-03 1.246007439074368683e+01 4.174537919271689823e+00
2.101325609256311289e+00 1.456322542532849518e+01 4.174537919271690711e+00
4.171710906170599920e+00 4.171710906170599920e+00 4.171710906170599920e+00
6.244353625046336731e+00 6.244353625046336731e+00 4.166960397237090774e+00
1.246007439074368683e+01 -1.825425328496972774e-03 4.174537919271689823e+00
1.456322542532849518e+01 2.101325609256311733e+00 4.174537919271690711e+00
8.316278350238928141e+00 -1.573112205374042893e-02 4.170492260446350130e+00
1.038762452701472228e+01 2.092233044073681381e+00 4.173775472985274959e+00
-1.573112205374045322e-02 8.316278350238928141e+00 4.170492260446351018e+00
2.092233044073681381e+00 1.038762452701472405e+01 4.173775472985275847e+00
1.246916695592631896e+01 4.173775472985274959e+00 4.173775472985275847e+00
1.457713112205373918e+01 6.245121649761070870e+00 4.170492260446350130e+00
2.098132040947952692e+00 2.098132040947953136e+00 4.176452908567565458e+00
4.690562693903799554e-03 4.690562693904145632e-03 4.169517660491542266e+00
8.316463156946937829e+00 4.169229751711569065e+00 4.169229751711568177e+00
1.039217024828843172e+01 6.244936843053059405e+00 4.169229751711568177e+00
1.247317062028662704e+01 8.315854103764289462e+00 4.171637793164669539e+00
1.457323269998081550e+01 1.038717238757886818e+01 4.174227612421130829e+00
4.169229751711569065e+00 8.316463156946937829e+00 4.169229751711569065e+00
6.244936843053059405e+00 1.039217024828843172e+01 4.169229751711568177e+00
4.174227612421130829e+00 -1.183269998081578310e-02 4.174227612421130829e+00
6.245545896235708661e+00 2.088229379713372413e+00 4.171637793164669539e+00
1.246326795905204676e+01 1.246326795905204854e+01 4.176452908567565458e+00
1.455670943730609501e+01 1.455670943730609501e+01 4.169517660491541378e+00
6.243617853259960881e+00 8.317782146740038129e+00 6.243617853259960881e+00
4.169229751711569065e+00 1.039217024828843172e+01 6.244936843053059405e+00
2.088229379713371969e+00 4.171637793164670427e+00 6.245545896235709549e+00
-1.972740855546430486e-02 6.244574334812894811e+00 6.244574334812894811e+00
-5.684000701153131031e-03 2.095927300815002337e+00 6.243889133406071323e+00
2.095927300815001892e+00 -5.684000701152966233e-03 6.243889133406071323e+00
1.455866216430924176e+01 2.737835690753280191e-03 6.242861475625131717e+00
1.246764291529384927e+01 2.093757084706148408e+00 6.245798045923914188e+00
1.039217024828843172e+01 4.169229751711568177e+00 6.244936843053058517e+00
8.317782146740038129e+00 6.243617853259959993e+00 6.243617853259959993e+00
6.244353625046336731e+00 4.166960397237090774e+00 6.244353625046336731e+00
4.166960397237090774e+00 6.244353625046336731e+00 6.244353625046336731e+00
6.244632798709582211e+00 1.247719194952443722e+01 6.244632798709581323e+00
4.170492260446350130e+00 1.457713112205373918e+01 6.245121649761070870e+00
1.457713112205373918e+01 4.170492260446350130e+00 6.245121649761070870e+00
1.247719194952443722e+01 6.244632798709581323e+00 6.244632798709581323e+00
2.084208050475561791e+00 8.316767201290417688e+00 6.244632798709581323e+00
-1.573112205373998831e-02 1.039090773955364710e+01 6.245121649761072646e+00
1.039443960276290646e+01 8.317046374953660504e+00 6.244353625046336731e+00
8.317046374953660504e+00 1.039443960276290646e+01 6.244353625046336731e+00
6.244574334812894811e+00 -1.972740855546405159e-02 6.244574334812894811e+00
4.171637793164670427e+00 2.088229379713371969e+00 6.245545896235709549e+00
1.458112740855546541e+01 8.316825665187101535e+00 6.244574334812893923e+00
1.247317062028662704e+01 1.038976220683532681e+01 6.245545896235708661e+00
2.093757084706148852e+00 1.246764291529384927e+01 6.245798045923914188e+00
2.737835690753440219e-03 1.455866216430924354e+01 6.242861475625131717e+00
1.039090773955364710e+01 -1.573112205374016179e-02 6.245121649761071758e+00
8.316767201290417688e+00 2.084208050475561791e+00 6.244632798709581323e+00
1.038976220683532858e+01 1.247317062028662704e+01 6.245545896235709549e+00
8.316825665187101535e+00 1.458112740855546541e+01 6.244574334812894811e+00
1.456708400070115239e+01 1.246547269918499623e+01 6.243889133406070435e+00
1.246547269918499801e+01 1.456708400070115239e+01 6.243889133406071323e+00
1.246547269918499623e+01 -5.684000701152273211e-03 8.317510866593929464e+00
1.456708400070115239e+01 2.095927300815002337e+00 8.317510866593927688e+00
4.166960397237089886e+00 8.317046374953660504e+00 8.317046374953660504e+00
6.244353625046336731e+00 1.039443960276290646e+01 8.317046374953660504e+00
-5.684000701151656516e-03 1.246547269918499623e+01 8.317510866593929464e+00
2.095927300815002781e+00 1.456708400070115239e+01 8.317510866593927688e+00
8.317782146740038129e+00 8.317782146740038129e+00 8.317782146740039906e+00
1.039217024828843172e+01 1.039217024828842995e+01 8.316463156946937829e+00
8.316825665187101535e+00 -1.972740855546410016e-02 8.316825665187101535e+00
1.038976220683532858e+01 2.088229379713372413e+00 8.315854103764291239e+00
1.247317062028662704e+01 4.171637793164669539e+00 8.315854103764289462e+00
1.458112740855546541e+01 6.244574334812894811e+00 8.316825665187101535e+00
4.169229751711569065e+00 4.169229751711569065e+00 8.316463156946937829e+00
6.243617853259959993e+00 6.243617853259959993e+00 8.317782146740038129e+00
4.170492260446351018e+00 -1.573112205374048445e-02 8.316278350238928141e+00
6.244632798709581323e+00 2.084208050475561791e+00 8.316767201290417688e+00
-1.573112205374059894e-02 4.170492260446351018e+00 8.316278350238928141e+00
2.084208050475561791e+00 6.244632798709581323e+00 8.316767201290417688e+00
8.316767201290417688e+00 1.247719194952443722e+01 8.316767201290417688e+00
1.039090773955364710e+01 1.457713112205373918e+01 8.316278350238928141e+00
1.247719194952443722e+01 8.316767201290415912e+00 8.316767201290417688e+00
1.457713112205373918e+01 1.039090773955364710e+01 8.316278350238928141e+00
4.171637793164669539e+00 1.247317062028662704e+01 8.315854103764289462e+00
6.244574334812893923e+00 1.458112740855546363e+01 8.316825665187101535e+00
8.317046374953660504e+00 4.166960397237089886e+00 8.317046374953660504e+00
1.039443960276290646e+01 6.244353625046335843e+00 8.317046374953660504e+00
-1.972740855546415220e-02 8.316825665187101535e+00 8.316825665187101535e+00
2.088229379713372413e+00 1.038976220683532858e+01 8.315854103764291239e+00
2.093757084706148852e+00 2.093757084706148852e+00 8.315601954076081270e+00
2.737835690753744229e-03 2.737835690754114159e-03 8.318538524374865517e+00
1.246764291529384927e+01 1.246764291529384927e+01 8.315601954076081270e+00
1.455866216430924354e+01 1.455866216430924176e+01 8.318538524374865517e+00
6.245545896235709549e+00 1.247317062028662704e+01 1.038976220683532858e+01
4.174227612421131717e+00 1.457323269998081550e+01 1.038717238757886818e+01
6.245121649761072646e+00 -1.573112205374009240e-02 1.039090773955364710e+01
4.173775472985274959e+00 2.092233044073681381e+00 1.038762452701472228e+01
6.244353625046336731e+00 8.317046374953660504e+00 1.039443960276290646e+01
4.171710906170600808e+00 1.038968909382940176e+01 1.038968909382940176e+01
1.457323269998081550e+01 4.174227612421131717e+00 1.038717238757886818e+01
1.247317062028662704e+01 6.245545896235708661e+00 1.038976220683532858e+01
1.038968909382940176e+01 4.171710906170600808e+00 1.038968909382940176e+01
8.317046374953660504e+00 6.244353625046336731e+00 1.039443960276290646e+01
1.038762452701472405e+01 1.246916695592631896e+01 1.038762452701472228e+01
8.316278350238928141e+00 1.457713112205373918e+01 1.039090773955364710e+01
6.244936843053059405e+00 4.169229751711568177e+00 1.039217024828843172e+01
4.169229751711568177e+00 6.244936843053059405e+00 1.039217024828843172e+01
2.092233044073681381e+00 4.173775472985274959e+00 1.038762452701472228e+01
-1.573112205374003342e-02 6.245121649761071758e+00 1.039090773955364710e+01
-1.825425328496846789e-03 2.101325609256311289e+00 1.038686208072830830e+01
2.101325609256311289e+00 -1.825425328496844838e-03 1.038686208072830830e+01
1.457713112205373918e+01 8.316278350238926365e+00 1.039090773955364710e+01
1.246916695592631896e+01 1.038762452701472228e+01 1.038762452701472228e+01
1.038717238757886996e+01 -1.183269998081592361e-02 1.038717238757886996e+01
8.315854103764291239e+00 2.088229379713372413e+00 1.038976220683532858e+01
2.098132040947953580e+00 1.246326795905204676e+01 1.038494709143243533e+01
4.690562693904685131e-03 1.455670943730609501e+01 1.039188233950845763e+01
1.455670943730609501e+01 4.690562693904208949e-03 1.039188233950845763e+01
1.246326795905204676e+01 2.098132040947953580e+00 1.038494709143243355e+01
1.039217024828843172e+01 8.316463156946937829e+00 1.039217024828843172e+01
8.316463156946937829e+00 1.039217024828843172e+01 1.039217024828843172e+01
2.088229379713371969e+00 8.315854103764291239e+00 1.038976220683532858e+01
-1.183269998081594096e-02 1.038717238757886996e+01 1.038717238757886996e+01
1.456322542532849518e+01 1.246007439074368683e+01 1.038686208072831008e+01
1.246007439074368861e+01 1.456322542532849518e+01 1.038686208072830830e+01
8.315601954076083047e+00 1.246764291529384927e+01 1.246764291529384927e+01
1.038686208072831008e+01 1.456322542532849518e+01 1.246007439074368683e+01
1.246326795905204854e+01 4.176452908567565458e+00 1.246326795905204676e+01
1.456708400070115239e+01 6.243889133406069547e+00 1.246547269918499801e+01
8.317510866593929464e+00 -5.684000701151862948e-03 1.246547269918499623e+01
1.038494709143243533e+01 2.098132040947953580e+00 1.246326795905204676e+01
4.173775472985274959e+00 4.173775472985275847e+00 1.246916695592631896e+01
6.244632798709581323e+00 6.244632798709581323e+00 1.247719194952443722e+01
4.176452908567565458e+00 1.246326795905204854e+01 1.246326795905204854e+01
6.243889133406071323e+00 1.456708400070115239e+01 1.246547269918499623e+01
4.171637793164669539e+00 8.315854103764291239e+00 1.247317062028662704e+01
6.245545896235709549e+00 1.038976220683532858e+01 1.247317062028662704e+01
8.316767201290417688e+00 8.316767201290417688e+00 1.247719194952443722e+01
1.038762452701472405e+01 1.038762452701472228e+01 1.246916695592631896e+01
8.181811117293432550e-03 1.245269595962798270e+01 1.245269595962798270e+01
2.108704040372019861e+00 1.455321818888270968e+01 1.245269595962798093e+01
1.246764291529384927e+01 8.315601954076081270e+00 1.246764291529384927e+01
1.456322542532849518e+01 1.038686208072830830e+01 1.246007439074368861e+01
1.245269595962798270e+01 8.181811117293659799e-03 1.245269595962798270e+01
1.455321818888270968e+01 2.108704040372019861e+00 1.245269595962797915e+01
2.102798381093267999e+00 2.102798381093267999e+00 1.245860161890673012e+01
1.458107594767242381e-02 1.458107594767254003e-02 1.245228284880529124e+01
-1.825425328496695868e-03 4.174537919271689823e+00 1.246007439074368683e+01
2.093757084706148852e+00 6.245798045923914188e+00 1.246764291529384927e+01
8.315854103764291239e+00 4.171637793164669539e+00 1.247317062028662704e+01
1.038976220683532858e+01 6.245545896235708661e+00 1.247317062028662704e+01
4.174537919271689823e+00 -1.825425328496953041e-03 1.246007439074368683e+01
6.245798045923914188e+00 2.093757084706148852e+00 1.246764291529384927e+01
-5.684000701151831723e-03 8.317510866593929464e+00 1.246547269918499623e+01
2.098132040947953580e+00 1.038494709143243533e+01 1.246326795905204676e+01
1.245860161890673190e+01 1.245860161890673190e+01 1.245860161890673190e+01
1.454681892405232624e+01 1.454681892405232624e+01 1.245228284880528768e+01
2.109117151194711770e+00 1.458107594767295637e-02 1.454681892405232624e+01
1.458107594767312117e-02 2.109117151194710882e+00 1.454681892405232801e+01
1.039090773955364710e+01 8.316278350238926365e+00 1.457713112205373918e+01
8.316278350238928141e+00 1.039090773955364710e+01 1.457713112205373918e+01
6.245121649761071758e+00 4.170492260446350130e+00 1.457713112205373918e+01
4.170492260446351018e+00 6.245121649761071758e+00 1.457713112205373918e+01
2.095927300815002781e+00 8.317510866593927688e+00 1.456708400070115239e+01
4.690562693904875083e-03 1.039188233950845763e+01 1.455670943730609501e+01
1.038717238757886818e+01 4.174227612421130829e+00 1.457323269998081550e+01
8.316825665187101535e+00 6.244574334812894811e+00 1.458112740855546363e+01
1.453250283486406502e+01 2.889716513594231193e-02 1.453250283486406502e+01
1.245269595962798093e+01 2.108704040372020305e+00 1.455321818888270968e+01
6.244574334812894811e+00 8.316825665187101535e+00 1.458112740855546363e+01
4.174227612421131717e+00 1.038717238757886818e+01 1.457323269998081550e+01
1.455866216430924354e+01 8.318538524374865517e+00 1.455866216430924354e+01
1.246007439074368861e+01 1.038686208072830830e+01 1.456322542532849695e+01
1.039188233950845763e+01 4.690562693905036412e-03 1.455670943730609501e+01
8.317510866593927688e+00 2.095927300815002781e+00 1.456708400070115239e+01
6.243889133406071323e+00 1.246547269918499801e+01 1.456708400070115239e+01
4.169517660491541378e+00 1.455670943730609679e+01 1.455670943730609501e+01
2.101325609256312177e+00 4.174537919271690711e+00 1.456322542532849695e+01
2.737835690753792368e-03 6.242861475625131717e+00 1.455866216430924354e+01
1.038686208072831008e+01 1.246007439074368861e+01 1.456322542532849695e+01
8.318538524374865517e+00 1.455866216430924354e+01 1.455866216430924176e+01
6.242861475625131717e+00 2.737835690753113657e-03 1.455866216430924176e+01
4.174537919271691599e+00 2.101325609256311733e+00 1.456322542532849518e+01
2.108704040372019417e+00 1.245269595962798093e+01 1.455321818888270968e+01
2.889716513594133354e-02 1.453250283486406502e+01 1.453250283486406502e+01
1.455670943730609679e+01 4.169517660491540489e+00 1.455670943730609501e+01
1.246547269918499801e+01 6.243889133406069547e+00 1.456708400070115239e+01
1.454681892405232624e+01 1.245228284880528946e+01 1.454681892405232624e+01
1.245228284880528946e+01 1.454681892405232801e+01 1.454681892405232446e+01
