2.114446323466582900e+00 2.114446323466583788e+00 1.393136434685361344e-02
3.466377474702099504e-02 3.466377474702098116e-02 3.466377474702165423e-02
9.827930925111284799e-03 4.174125322251919457e+00 9.827930925112717681e-03
2.100489497535844130e+00 6.248625108626628233e+00 -7.868399476608512735e-04
6.042530518153038654e-03 8.322453396212477372e+00 6.042530518153440243e-03
2.098398397842704988e+00 1.039864350461605191e+01 -2.382597889959055422e-03
7.214389783314953571e-03 1.247519750469813182e+01 7.214389783315530366e-03
2.106868932499636582e+00 1.454199319105162935e+01 3.748460364679723385e-03
2.012137113743289740e-02 1.660721827282273821e+01 2.012137113743375783e-02
2.114581727177260895e+00 1.870167862886257026e+01 2.012137113743219657e-02
4.174125322251919457e+00 9.827930925112504310e-03 9.827930925112027261e-03
6.248625108626627345e+00 2.100489497535845018e+00 -7.868399476607276745e-04
4.179888838244031568e+00 4.179888838244032456e+00 -6.199705275183566705e-03
6.250240002548264506e+00 6.250240002548264506e+00 -1.601453753911223979e-02
4.171892729108203746e+00 8.323608350991355209e+00 -1.315607769744368480e-02
6.248036706183987654e+00 1.039777048202024190e+01 -1.847510017640342436e-02
4.175209595912615868e+00 1.247101152162954740e+01 -1.083150138053279136e-02
6.250788478370453483e+00 1.454659040408738591e+01 -1.083150138053248432e-02
4.179806808948373309e+00 1.661493106750036475e+01 3.748460364678961841e-03
6.246602495301869951e+00 1.871458561021668388e+01 7.214389783315250208e-03
8.322453396212477372e+00 6.042530518153871322e-03 6.042530518153481009e-03
1.039864350461605191e+01 2.098398397842704988e+00 -2.382597889959091851e-03
8.323608350991355209e+00 4.171892729108204634e+00 -1.315607769744366745e-02
1.039777048202024012e+01 6.248036706183989430e+00 -1.847510017640354926e-02
8.323676448059558197e+00 8.323676448059559974e+00 -2.105509163947780898e-02
1.039812355194044180e+01 1.039812355194044180e+01 -2.105509163947794429e-02
8.324029517979759873e+00 1.247376329381601323e+01 -1.847510017640312599e-02
1.039819164900864656e+01 1.454990727089179536e+01 -1.315607769744348357e-02
8.323156495383948084e+00 1.662340160215729412e+01 -2.382597889959938830e-03
1.039934660378752262e+01 1.871575746948184360e+01 6.042530518151415821e-03
1.247519750469813360e+01 7.214389783315455773e-03 7.214389783315330873e-03
1.454199319105162935e+01 2.106868932499637914e+00 3.748460364679399425e-03
1.247101152162954740e+01 4.175209595912617644e+00 -1.083150138053295963e-02
1.454659040408738768e+01 6.250788478370454371e+00 -1.083150138053235942e-02
1.247376329381601323e+01 8.324029517979759873e+00 -1.847510017640276517e-02
1.454990727089179714e+01 1.039819164900864656e+01 -1.315607769744334653e-02
1.247155999745173638e+01 1.247155999745173460e+01 -1.601453753911195182e-02
1.454191116175596754e+01 1.454191116175596754e+01 -6.199705275182720160e-03
1.247317489137337176e+01 1.662131050246415498e+01 -7.868399476605959439e-04
1.454767467774807876e+01 1.871197206907488564e+01 9.827930925112035934e-03
1.660721827282273821e+01 2.012137113743397640e-02 2.012137113743340047e-02
1.870167862886257026e+01 2.114581727177261783e+00 2.012137113743264066e-02
1.661493106750036475e+01 4.179806808948373309e+00 3.748460364679040337e-03
1.871458561021668743e+01 6.246602495301870839e+00 7.214389783315386384e-03
1.662340160215729767e+01 8.323156495383948084e+00 -2.382597889959358565e-03
1.871575746948184715e+01 1.039934660378752440e+01 6.042530518151902411e-03
1.662131050246415498e+01 1.247317489137337176e+01 -7.868399476603145934e-04
1.871197206907488564e+01 1.454767467774807876e+01 9.827930925112646557e-03
1.660735367653341754e+01 1.660735367653341754e+01 1.393136434685268189e-02
1.868713622525297779e+01 1.868713622525297779e+01 3.466377474701831662e-02
1.039788549957689057e+01 8.323914500423111207e+00 2.082023675295306298e+00
8.323914500423109430e+00 1.039788549957689057e+01 2.082023675295305853e+00
6.252424084030981710e+00 4.176690096160733390e+00 2.092700303277513552e+00
4.176690096160731613e+00 6.252424084030982598e+00 2.092700303277513996e+00
1.039737236346257632e+01 1.247219741403792526e+01 2.084666652589075575e+00
8.324671301218570463e+00 1.454765950198772728e+01 2.090030449787489530e+00
2.098580015640486796e+00 1.246999937559448846e+01 2.098580015640487684e+00
3.748460364679314424e-03 1.454199319105162935e+01 2.106868932499637026e+00
1.039792689064850961e+01 1.662587150430874772e+01 2.095928495691254501e+00
8.323156495383949860e+00 1.872418259788995698e+01 2.098398397842704988e+00
6.249602585962074741e+00 8.324427636537425457e+00 2.084666652589076019e+00
4.174140498012274492e+00 1.039712869878143131e+01 2.090030449787489530e+00
1.454199319105162935e+01 3.748460364679840045e-03 2.106868932499637026e+00
1.246999937559449023e+01 2.098580015640487684e+00 2.098580015640487240e+00
1.393136434685282761e-02 2.114446323466583344e+00 2.114446323466584676e+00
2.114446323466583788e+00 1.393136434685328211e-02 2.114446323466584232e+00
1.454209947430928551e+01 4.179700525690718038e+00 2.097892945322818115e+00
1.247088828478706013e+01 6.250911715212941644e+00 2.087319598022290279e+00
6.250911715212940756e+00 1.247088828478706013e+01 2.087319598022290279e+00
4.179700525690717150e+00 1.454209947430928551e+01 2.097892945322817670e+00
1.454765950198772906e+01 8.324671301218570463e+00 2.090030449787490419e+00
1.247219741403792703e+01 1.039737236346257632e+01 2.084666652589075575e+00
2.108537442099477133e+00 1.661326255790052642e+01 2.108537442099477577e+00
2.012137113743236311e-02 1.870167862886257026e+01 2.114581727177261783e+00
1.454510990383926838e+01 1.246937591596901740e+01 2.092700303277514440e+00
1.246937591596901918e+01 1.454510990383926838e+01 2.092700303277513996e+00
6.251800624405511542e+00 1.662321998435951542e+01 2.098580015640487684e+00
4.179806808948371533e+00 1.871805153963532575e+01 2.106868932499637026e+00
1.453956745098444259e+01 1.661792309439140070e+01 2.103876905608601522e+00
1.247317489137336999e+01 1.872258683994766315e+01 2.100489497535845018e+00
2.095928495691253612e+00 8.323873109351492161e+00 2.095928495691254501e+00
-2.382597889959621375e-03 1.039864350461605191e+01 2.098398397842705876e+00
1.870167862886257026e+01 2.012137113743268924e-02 2.114581727177261339e+00
1.661326255790052642e+01 2.108537442099478465e+00 2.108537442099477577e+00
1.039864350461605191e+01 -2.382597889958760519e-03 2.098398397842704544e+00
8.323873109351492161e+00 2.095928495691254501e+00 2.095928495691254057e+00
1.871805153963532575e+01 4.179806808948373309e+00 2.106868932499637470e+00
1.662321998435951542e+01 6.251800624405512430e+00 2.098580015640488128e+00
6.248625108626627345e+00 -7.868399476606151343e-04 2.100489497535844574e+00
4.182232549015558298e+00 2.103876905608601078e+00 2.103876905608600634e+00
1.872418259788996053e+01 8.323156495383951636e+00 2.098398397842705432e+00
1.662587150430874772e+01 1.039792689064850961e+01 2.095928495691254501e+00
1.039712869878143131e+01 4.174140498012275380e+00 2.090030449787489086e+00
8.324427636537425457e+00 6.249602585962075629e+00 2.084666652589076019e+00
1.872258683994766315e+01 1.247317489137337176e+01 2.100489497535845018e+00
1.661792309439140070e+01 1.453956745098444259e+01 2.103876905608601966e+00
2.103876905608599746e+00 4.182232549015559187e+00 2.103876905608600634e+00
-7.868399476615019032e-04 6.248625108626628233e+00 2.100489497535845018e+00
1.870786863565314562e+01 1.660735367653341754e+01 2.114446323466582456e+00
1.660735367653341754e+01 1.870786863565314562e+01 2.114446323466582456e+00
1.246970999523067469e+01 4.174136452058395896e+00 4.174136452058395008e+00
1.454766354794160677e+01 6.252090004769327081e+00 4.174136452058395896e+00
4.171904191837460196e+00 8.324754262182553433e+00 4.171904191837460196e+00
6.249286985476262934e+00 1.039743722234068635e+01 4.168400641329768064e+00
8.324754262182551656e+00 4.171904191837461084e+00 4.171904191837460196e+00
1.039743722234068457e+01 6.249286985476262934e+00 4.168400641329768064e+00
1.247251301452373795e+01 8.324362777659315427e+00 4.168400641329768064e+00
1.454989580816254069e+01 1.039704573781745012e+01 4.171904191837460196e+00
-1.083150138053290933e-02 1.247101152162954918e+01 4.175209595912616756e+00
2.097892945322818115e+00 1.454209947430928551e+01 4.179700525690717150e+00
4.179888838244031568e+00 -6.199705275183658645e-03 4.179888838244032456e+00
6.252424084030981710e+00 2.092700303277513552e+00 4.176690096160732502e+00
1.247109373782586417e+01 1.247109373782586417e+01 4.170743776779280765e+00
1.454407144920094908e+01 1.454407144920094730e+01 4.177728550799053586e+00
8.324014906604258357e+00 8.324014906604258357e+00 4.166110430591789537e+00
1.039778509339574342e+01 1.039778509339574342e+01 4.166110430591789537e+00
4.174136452058395008e+00 1.246970999523067469e+01 4.174136452058395008e+00
6.252090004769326193e+00 1.454766354794160499e+01 4.174136452058395008e+00
1.246937591596901918e+01 1.662909969672248423e+01 4.176690096160732502e+00
1.454191116175596754e+01 1.872799970527518454e+01 4.179888838244032456e+00
-1.315607769744429369e-02 8.323608350991355209e+00 4.171892729108205522e+00
2.090030449787488642e+00 1.039712869878143131e+01 4.174140498012275380e+00
8.324362777659315427e+00 1.247251301452373617e+01 4.168400641329767176e+00
1.039704573781745012e+01 1.454989580816253891e+01 4.171904191837459308e+00
1.661493106750036475e+01 3.748460364679414170e-03 4.179806808948373309e+00
1.871805153963532575e+01 2.106868932499637470e+00 4.179806808948372421e+00
2.103876905608600190e+00 2.103876905608600634e+00 4.182232549015559187e+00
9.827930925111784399e-03 9.827930925111817359e-03 4.174125322251921233e+00
4.179700525690718038e+00 1.662390705467717922e+01 4.179700525690718038e+00
6.250788478370453483e+00 1.873263150138053490e+01 4.175209595912615868e+00
1.662390705467718277e+01 4.179700525690718038e+00 4.179700525690718038e+00
1.873263150138053845e+01 6.250788478370454371e+00 4.175209595912616756e+00
8.324671301218570463e+00 1.663176955021250691e+01 4.174140498012275380e+00
1.039819164900864656e+01 1.873495607769744353e+01 4.171892729108205522e+00
4.177728550799051810e+00 4.177728550799052698e+00 4.177728550799052698e+00
6.250706262174135830e+00 6.250706262174136718e+00 4.170743776779281653e+00
1.663176955021251047e+01 8.324671301218570463e+00 4.174140498012276268e+00
1.873495607769744353e+01 1.039819164900864656e+01 4.171892729108206410e+00
3.748460364679050312e-03 1.661493106750036475e+01 4.179806808948373309e+00
2.106868932499637026e+00 1.871805153963532575e+01 4.179806808948372421e+00
1.247101152162954740e+01 -1.083150138053258146e-02 4.175209595912615868e+00
1.454209947430928551e+01 2.097892945322818559e+00 4.179700525690718038e+00
1.662909969672248778e+01 1.246937591596901918e+01 4.176690096160733390e+00
1.872799970527518454e+01 1.454191116175596754e+01 4.179888838244032456e+00
8.323608350991355209e+00 -1.315607769744336214e-02 4.171892729108203746e+00
1.039712869878143131e+01 2.090030449787489975e+00 4.174140498012274492e+00
-6.199705275184322177e-03 4.179888838244032456e+00 4.179888838244032456e+00
2.092700303277513108e+00 6.252424084030982598e+00 4.176690096160732502e+00
1.661792309439140070e+01 1.661792309439140070e+01 4.182232549015559187e+00
1.871197206907488564e+01 1.871197206907488564e+01 4.174125322251920345e+00
1.455105622322071923e+01 1.247109373782586417e+01 6.250706262174136718e+00
1.247109373782586417e+01 1.455105622322071746e+01 6.250706262174135830e+00
1.039777048202024190e+01 -1.847510017640323701e-02 6.248036706183987654e+00
8.324427636537425457e+00 2.084666652589076019e+00 6.249602585962074741e+00
2.098580015640488128e+00 1.662321998435951542e+01 6.251800624405512430e+00
7.214389783316082008e-03 1.871458561021668388e+01 6.246602495301870839e+00
1.039737236346257632e+01 1.663713334741091998e+01 6.249602585962075629e+00
8.324029517979759873e+00 1.874027510017639742e+01 6.248036706183988542e+00
1.454510990383926838e+01 1.662909969672248423e+01 6.252424084030982598e+00
1.247155999745173460e+01 1.873781453753910853e+01 6.250240002548264506e+00
2.087319598022289391e+00 1.247088828478706191e+01 6.250911715212941644e+00
-1.083150138053237156e-02 1.454659040408738768e+01 6.250788478370455259e+00
6.249038094394939513e+00 1.247276190560506137e+01 6.249038094394939513e+00
4.174136452058395008e+00 1.454766354794160499e+01 6.252090004769327081e+00
1.039743722234068635e+01 4.168400641329768064e+00 6.249286985476262934e+00
8.324055747295851404e+00 6.247756377012893658e+00 6.247756377012892770e+00
1.871458561021668388e+01 7.214389783315170411e-03 6.246602495301869951e+00
1.662321998435951542e+01 2.098580015640488128e+00 6.251800624405512430e+00
1.454659040408738591e+01 -1.083150138053238024e-02 6.250788478370453483e+00
1.247088828478706013e+01 2.087319598022290279e+00 6.250911715212940756e+00
6.250706262174135830e+00 4.170743776779281653e+00 6.250706262174135830e+00
4.170743776779281653e+00 6.250706262174136718e+00 6.250706262174135830e+00
2.092700303277513108e+00 4.176690096160732502e+00 6.252424084030981710e+00
-1.601453753911282613e-02 6.250240002548264506e+00 6.250240002548264506e+00
1.873263150138053845e+01 4.175209595912615868e+00 6.250788478370454371e+00
1.663448040197771149e+01 6.250911715212939868e+00 6.250911715212939868e+00
-7.868399476614962654e-04 2.100489497535845018e+00 6.248625108626628233e+00
2.100489497535844130e+00 -7.868399476607401428e-04 6.248625108626629121e+00
1.454766354794160499e+01 4.174136452058395896e+00 6.252090004769326193e+00
1.247276190560506137e+01 6.249038094394939513e+00 6.249038094394939513e+00
1.039818672536219069e+01 8.323613274637811088e+00 6.246408826416368854e+00
8.323613274637811088e+00 1.039818672536219069e+01 6.246408826416368854e+00
1.874027510017640097e+01 8.324029517979759873e+00 6.248036706183989430e+00
1.663713334741091998e+01 1.039737236346257632e+01 6.249602585962076517e+00
6.250911715212939868e+00 1.663448040197771149e+01 6.250911715212939868e+00
4.175209595912616756e+00 1.873263150138053845e+01 6.250788478370454371e+00
6.250240002548264506e+00 -1.601453753911216693e-02 6.250240002548264506e+00
4.176690096160732502e+00 2.092700303277513552e+00 6.252424084030981710e+00
1.455339935867023371e+01 8.324362777659315427e+00 6.249286985476262934e+00
1.247404362298710900e+01 1.039774425270415037e+01 6.247756377012892770e+00
1.873781453753911208e+01 1.247155999745173460e+01 6.250240002548266283e+00
1.662909969672248778e+01 1.454510990383926838e+01 6.252424084030982598e+00
6.247756377012892770e+00 8.324055747295853180e+00 6.247756377012892770e+00
4.168400641329767176e+00 1.039743722234068635e+01 6.249286985476262934e+00
1.039774425270415037e+01 1.247404362298710900e+01 6.247756377012892770e+00
8.324362777659315427e+00 1.455339935867023193e+01 6.249286985476262934e+00
2.084666652589075131e+00 8.324427636537425457e+00 6.249602585962075629e+00
-1.847510017640335150e-02 1.039777048202024190e+01 6.248036706183989430e+00
1.872258683994766315e+01 1.662131050246415853e+01 6.248625108626627345e+00
1.662131050246415853e+01 1.872258683994766315e+01 6.248625108626627345e+00
8.323228238390091960e+00 8.323228238390093736e+00 8.323228238390093736e+00
1.039857176160990804e+01 1.039857176160990804e+01 8.323228238390093736e+00
4.171904191837460196e+00 4.171904191837460196e+00 8.324754262182551656e+00
6.247756377012891882e+00 6.247756377012892770e+00 8.324055747295853180e+00
-1.847510017640304966e-02 1.247376329381601501e+01 8.324029517979761650e+00
2.090030449787489975e+00 1.454765950198772728e+01 8.324671301218572239e+00
8.323676448059559974e+00 -2.105509163947733714e-02 8.323676448059558197e+00
1.039788549957689057e+01 2.082023675295305853e+00 8.323914500423109430e+00
1.662340160215729412e+01 -2.382597889959870742e-03 8.323156495383948084e+00
1.872418259788995698e+01 2.098398397842704100e+00 8.323156495383951636e+00
1.247251301452373617e+01 4.168400641329767176e+00 8.324362777659317203e+00
1.455339935867023193e+01 6.249286985476262934e+00 8.324362777659315427e+00
4.168400641329767176e+00 1.247251301452373617e+01 8.324362777659315427e+00
6.249286985476262934e+00 1.455339935867023193e+01 8.324362777659315427e+00
8.323613274637811088e+00 1.247539117358362937e+01 8.323613274637811088e+00
1.039778509339574164e+01 1.455568956940821224e+01 8.324014906604258357e+00
4.171892729108204634e+00 -1.315607769744335000e-02 8.323608350991355209e+00
6.249602585962074741e+00 2.084666652589076019e+00 8.324427636537425457e+00
1.663176955021250691e+01 4.174140498012275380e+00 8.324671301218570463e+00
1.874027510017639742e+01 6.248036706183988542e+00 8.324029517979759873e+00
-2.382597889959016824e-03 1.662340160215729767e+01 8.323156495383949860e+00
2.098398397842706320e+00 1.872418259788995698e+01 8.323156495383951636e+00
1.247539117358362937e+01 8.323613274637811088e+00 8.323613274637811088e+00
1.455568956940821224e+01 1.039778509339574164e+01 8.324014906604258357e+00
-1.315607769744405603e-02 4.171892729108205522e+00 8.323608350991355209e+00
2.084666652589075575e+00 6.249602585962074741e+00 8.324427636537425457e+00
8.324014906604258357e+00 4.166110430591789537e+00 8.324014906604258357e+00
1.039818672536219069e+01 6.246408826416368854e+00 8.323613274637811088e+00
1.663977632470469459e+01 8.323914500423109430e+00 8.323914500423109430e+00
1.874285509163947694e+01 1.039812355194044180e+01 8.323676448059559974e+00
8.323914500423109430e+00 1.663977632470469459e+01 8.323914500423109430e+00
1.039812355194044180e+01 1.874285509163947694e+01 8.323676448059558197e+00
4.166110430591789537e+00 8.324014906604258357e+00 8.324014906604258357e+00
6.246408826416367965e+00 1.039818672536219069e+01 8.323613274637811088e+00
1.247404362298710900e+01 1.247404362298710900e+01 8.324055747295851404e+00
1.454989580816253891e+01 1.454989580816253891e+01 8.324754262182551656e+00
4.174140498012275380e+00 1.663176955021250691e+01 8.324671301218570463e+00
6.248036706183988542e+00 1.874027510017639742e+01 8.324029517979759873e+00
1.663713334741091998e+01 1.247219741403792526e+01 8.324427636537425457e+00
1.873495607769744353e+01 1.454990727089179892e+01 8.323608350991355209e+00
-2.105509163947751061e-02 8.323676448059559974e+00 8.323676448059559974e+00
2.082023675295305853e+00 1.039788549957689234e+01 8.323914500423111207e+00
2.095928495691254057e+00 2.095928495691254501e+00 8.323873109351492161e+00
6.042530518152689108e-03 6.042530518153964129e-03 8.322453396212477372e+00
1.247376329381601323e+01 -1.847510017640332375e-02 8.324029517979759873e+00
1.454765950198772551e+01 2.090030449787489530e+00 8.324671301218570463e+00
1.247219741403792526e+01 1.663713334741091998e+01 8.324427636537425457e+00
1.454990727089179714e+01 1.873495607769744353e+01 8.323608350991353433e+00
1.662587150430874772e+01 1.662587150430874772e+01 8.323873109351492161e+00
1.871575746948184715e+01 1.871575746948184715e+01 8.322453396212477372e+00
1.871575746948184360e+01 6.042530518150681165e-03 1.039934660378752440e+01
1.662587150430874416e+01 2.095928495691253612e+00 1.039792689064850961e+01
-2.382597889959181189e-03 2.098398397842705876e+00 1.039864350461605191e+01
2.098398397842704988e+00 -2.382597889958684625e-03 1.039864350461605191e+01
1.039788549957689057e+01 1.663977632470469814e+01 1.039788549957689057e+01
8.323676448059558197e+00 1.874285509163947694e+01 1.039812355194044180e+01
1.455568956940821224e+01 8.324014906604258357e+00 1.039778509339574164e+01
1.247539117358362937e+01 1.039818672536219069e+01 1.039818672536219069e+01
6.247756377012892770e+00 1.247404362298710900e+01 1.039774425270415037e+01
4.171904191837460196e+00 1.454989580816253714e+01 1.039704573781745012e+01
2.084666652589075575e+00 1.247219741403792526e+01 1.039737236346257809e+01
-1.315607769744342806e-02 1.454990727089179714e+01 1.039819164900864834e+01
1.873495607769744353e+01 4.171892729108204634e+00 1.039819164900864656e+01
1.663713334741091998e+01 6.249602585962075629e+00 1.039737236346257632e+01
1.039857176160990804e+01 8.323228238390091960e+00 1.039857176160990804e+01
8.323228238390091960e+00 1.039857176160990804e+01 1.039857176160990804e+01
1.039812355194044180e+01 -2.105509163947807266e-02 1.039812355194044180e+01
8.323914500423109430e+00 2.082023675295305853e+00 1.039788549957689057e+01
2.082023675295305853e+00 8.323914500423109430e+00 1.039788549957689234e+01
-2.105509163947753490e-02 1.039812355194044180e+01 1.039812355194044180e+01
1.455339935867023371e+01 1.247251301452373617e+01 1.039743722234068635e+01
1.247251301452373617e+01 1.455339935867023371e+01 1.039743722234068457e+01
1.454990727089179536e+01 -1.315607769744407164e-02 1.039819164900864656e+01
1.247219741403792526e+01 2.084666652589075575e+00 1.039737236346257632e+01
1.874285509163947694e+01 8.323676448059558197e+00 1.039812355194044180e+01
1.663977632470469814e+01 1.039788549957689057e+01 1.039788549957689057e+01
6.246408826416367965e+00 8.323613274637811088e+00 1.039818672536219069e+01
4.166110430591788649e+00 1.039778509339574342e+01 1.039778509339574342e+01
2.095928495691254945e+00 1.662587150430874772e+01 1.039792689064851139e+01
6.042530518152793191e-03 1.871575746948184715e+01 1.039934660378752440e+01
6.249286985476262046e+00 4.168400641329767176e+00 1.039743722234068635e+01
4.168400641329767176e+00 6.249286985476262046e+00 1.039743722234068635e+01
1.039818672536219069e+01 1.247539117358362937e+01 1.039818672536219069e+01
8.324014906604258357e+00 1.455568956940821224e+01 1.039778509339574342e+01
1.454765950198772728e+01 1.663176955021251047e+01 1.039712869878143131e+01
1.247376329381601323e+01 1.874027510017640097e+01 1.039777048202024012e+01
1.874027510017639742e+01 1.247376329381601323e+01 1.039777048202024012e+01
1.663176955021251047e+01 1.454765950198772728e+01 1.039712869878143131e+01
6.249602585962075629e+00 1.663713334741091998e+01 1.039737236346257632e+01
4.171892729108206410e+00 1.873495607769744353e+01 1.039819164900864834e+01
1.454989580816253714e+01 4.171904191837460196e+00 1.039704573781745012e+01
1.247404362298710900e+01 6.247756377012892770e+00 1.039774425270415037e+01
1.039778509339574164e+01 4.166110430591789537e+00 1.039778509339574342e+01
8.323613274637809312e+00 6.246408826416368854e+00 1.039818672536219069e+01
6.248036706183988542e+00 -1.847510017640320579e-02 1.039777048202024012e+01
4.174140498012274492e+00 2.090030449787489530e+00 1.039712869878143131e+01
2.090030449787489086e+00 4.174140498012274492e+00 1.039712869878143131e+01
-1.847510017640322660e-02 6.248036706183988542e+00 1.039777048202024190e+01
1.872418259788996053e+01 1.662340160215729767e+01 1.039864350461605369e+01
1.662340160215729767e+01 1.872418259788996053e+01 1.039864350461605369e+01
1.247155999745173460e+01 -1.601453753911261449e-02 1.247155999745173460e+01
1.454510990383926661e+01 2.092700303277513552e+00 1.246937591596901918e+01
8.324362777659315427e+00 4.168400641329767176e+00 1.247251301452373795e+01
1.039774425270414859e+01 6.247756377012892770e+00 1.247404362298710900e+01
8.324055747295851404e+00 1.247404362298710900e+01 1.247404362298710900e+01
1.039743722234068635e+01 1.455339935867023371e+01 1.247251301452373617e+01
1.662909969672248423e+01 4.176690096160731613e+00 1.246937591596901918e+01
1.873781453753910853e+01 6.250240002548263618e+00 1.247155999745173460e+01
1.247276190560506137e+01 1.247276190560506137e+01 1.247276190560506137e+01
1.454766354794160499e+01 1.454766354794160499e+01 1.246970999523067469e+01
4.170743776779281653e+00 1.247109373782586417e+01 1.247109373782586594e+01
6.250706262174136718e+00 1.455105622322071746e+01 1.247109373782586594e+01
4.175209595912616756e+00 -1.083150138053317127e-02 1.247101152162954740e+01
6.250911715212940756e+00 2.087319598022289391e+00 1.247088828478706191e+01
4.168400641329767176e+00 8.324362777659315427e+00 1.247251301452373795e+01
6.247756377012892770e+00 1.039774425270414859e+01 1.247404362298710900e+01
4.174136452058395008e+00 4.174136452058395008e+00 1.246970999523067647e+01
6.249038094394938625e+00 6.249038094394938625e+00 1.247276190560506315e+01
1.247109373782586239e+01 4.170743776779280765e+00 1.247109373782586417e+01
1.455105622322071746e+01 6.250706262174136718e+00 1.247109373782586417e+01
1.663713334741091998e+01 8.324427636537425457e+00 1.247219741403792526e+01
1.874027510017640097e+01 1.039777048202024012e+01 1.247376329381601145e+01
8.324029517979759873e+00 -1.847510017640340008e-02 1.247376329381601323e+01
1.039737236346257454e+01 2.084666652589075575e+00 1.247219741403792526e+01
1.247088828478706013e+01 1.663448040197771149e+01 1.247088828478706013e+01
1.454659040408738591e+01 1.873263150138053490e+01 1.247101152162954918e+01
-1.601453753911180264e-02 1.247155999745173283e+01 1.247155999745173460e+01
2.092700303277514440e+00 1.454510990383926661e+01 1.246937591596901918e+01
8.324427636537425457e+00 1.663713334741091998e+01 1.247219741403792703e+01
1.039777048202024012e+01 1.874027510017639742e+01 1.247376329381601323e+01
8.323613274637811088e+00 8.323613274637811088e+00 1.247539117358362937e+01
1.039818672536219069e+01 1.039818672536219069e+01 1.247539117358362937e+01
2.098580015640487240e+00 2.098580015640487240e+00 1.246999937559449023e+01
7.214389783315607561e-03 7.214389783315354292e-03 1.247519750469813182e+01
1.663448040197771149e+01 1.247088828478706013e+01 1.247088828478706013e+01
1.873263150138053490e+01 1.454659040408738591e+01 1.247101152162954740e+01
-1.083150138053248952e-02 4.175209595912616756e+00 1.247101152162954918e+01
2.087319598022289835e+00 6.250911715212940756e+00 1.247088828478706191e+01
1.247404362298710900e+01 8.324055747295851404e+00 1.247404362298710900e+01
1.455339935867023371e+01 1.039743722234068457e+01 1.247251301452373617e+01
1.662131050246415498e+01 -7.868399476616194307e-04 1.247317489137337354e+01
1.872258683994766315e+01 2.100489497535844130e+00 1.247317489137337176e+01
4.176690096160732502e+00 1.662909969672248423e+01 1.246937591596901918e+01
6.250240002548265394e+00 1.873781453753910853e+01 1.247155999745173638e+01
-7.868399476602371814e-04 1.662131050246415498e+01 1.247317489137337354e+01
2.100489497535845018e+00 1.872258683994766315e+01 1.247317489137337354e+01
-1.847510017640314334e-02 8.324029517979759873e+00 1.247376329381601501e+01
2.084666652589075575e+00 1.039737236346257454e+01 1.247219741403792703e+01
1.662321998435951542e+01 1.662321998435951542e+01 1.246999937559449023e+01
1.871458561021668743e+01 1.871458561021668743e+01 1.247519750469813360e+01
1.872799970527518454e+01 4.179888838244033344e+00 1.454191116175596754e+01
1.662909969672248423e+01 6.252424084030981710e+00 1.454510990383926838e+01
1.454407144920094730e+01 4.177728550799052698e+00 1.454407144920094730e+01
1.247109373782586417e+01 6.250706262174136718e+00 1.455105622322071746e+01
1.039712869878143131e+01 1.663176955021250691e+01 1.454765950198772906e+01
8.323608350991355209e+00 1.873495607769744353e+01 1.454990727089179892e+01
6.250706262174135830e+00 1.247109373782586417e+01 1.455105622322071923e+01
4.177728550799052698e+00 1.454407144920094730e+01 1.454407144920094908e+01
6.249286985476262934e+00 8.324362777659315427e+00 1.455339935867023193e+01
4.171904191837460196e+00 1.039704573781744834e+01 1.454989580816253891e+01
2.097892945322818559e+00 4.179700525690718038e+00 1.454209947430928729e+01
-1.083150138053278790e-02 6.250788478370454371e+00 1.454659040408738768e+01
1.454209947430928551e+01 1.662390705467717922e+01 1.454209947430928551e+01
1.247101152162954740e+01 1.873263150138053490e+01 1.454659040408738591e+01
1.039704573781744834e+01 4.171904191837460196e+00 1.454989580816253891e+01
8.324362777659315427e+00 6.249286985476262934e+00 1.455339935867023193e+01
1.873495607769744353e+01 8.323608350991353433e+00 1.454990727089179714e+01
1.663176955021251047e+01 1.039712869878143131e+01 1.454765950198772728e+01
2.103876905608601522e+00 1.661792309439139714e+01 1.453956745098444436e+01
9.827930925112792274e-03 1.871197206907488564e+01 1.454767467774808054e+01
2.092700303277514440e+00 1.246937591596901740e+01 1.454510990383926838e+01
-6.199705275182441737e-03 1.454191116175596399e+01 1.454191116175596754e+01
1.454989580816253891e+01 8.324754262182551656e+00 1.454989580816253891e+01
1.247251301452373617e+01 1.039743722234068457e+01 1.455339935867023371e+01
1.039743722234068457e+01 1.247251301452373617e+01 1.455339935867023371e+01
8.324754262182551656e+00 1.454989580816253891e+01 1.454989580816254069e+01
1.454191116175596576e+01 -6.199705275183460887e-03 1.454191116175596754e+01
1.246937591596901740e+01 2.092700303277513996e+00 1.454510990383926661e+01
3.748460364679918975e-03 2.106868932499636138e+00 1.454199319105163113e+01
2.106868932499636582e+00 3.748460364679380777e-03 1.454199319105163113e+01
1.871197206907488564e+01 9.827930925110466009e-03 1.454767467774807876e+01
1.661792309439139714e+01 2.103876905608600634e+00 1.453956745098444259e+01
1.873263150138053845e+01 1.247101152162954740e+01 1.454659040408738591e+01
1.662390705467717922e+01 1.454209947430928551e+01 1.454209947430928551e+01
1.039819164900864656e+01 -1.315607769744387562e-02 1.454990727089179714e+01
8.324671301218570463e+00 2.090030449787489530e+00 1.454765950198772728e+01
6.250788478370454371e+00 -1.083150138053313137e-02 1.454659040408738768e+01
4.179700525690717150e+00 2.097892945322818115e+00 1.454209947430928551e+01
2.090030449787489530e+00 8.324671301218570463e+00 1.454765950198772906e+01
-1.315607769744345235e-02 1.039819164900864656e+01 1.454990727089179892e+01
6.252424084030981710e+00 1.662909969672248423e+01 1.454510990383927016e+01
4.179888838244032456e+00 1.872799970527518099e+01 1.454191116175596932e+01
1.454766354794160677e+01 1.246970999523067469e+01 1.454766354794160499e+01
1.246970999523067469e+01 1.454766354794160499e+01 1.454766354794160677e+01
1.039778509339574164e+01 8.324014906604258357e+00 1.455568956940821224e+01
8.324014906604258357e+00 1.039778509339574164e+01 1.455568956940821224e+01
6.252090004769326193e+00 4.174136452058395008e+00 1.454766354794160677e+01
4.174136452058395008e+00 6.252090004769326193e+00 1.454766354794160677e+01
1.871805153963532220e+01 1.661493106750036475e+01 1.454199319105162935e+01
1.661493106750036475e+01 1.871805153963532220e+01 1.454199319105162935e+01
4.176690096160733390e+00 1.246937591596901740e+01 1.662909969672248778e+01
6.252424084030980822e+00 1.454510990383926838e+01 1.662909969672248778e+01
1.246999937559449201e+01 1.662321998435951542e+01 1.662321998435951542e+01
1.454199319105162935e+01 1.871805153963532575e+01 1.661493106750036475e+01
1.247317489137336999e+01 -7.868399476610980379e-04 1.662131050246415498e+01
1.453956745098444081e+01 2.103876905608600634e+00 1.661792309439139714e+01
1.247219741403792526e+01 8.324427636537425457e+00 1.663713334741092353e+01
1.454765950198772728e+01 1.039712869878143131e+01 1.663176955021251047e+01
2.108537442099478021e+00 2.108537442099477577e+00 1.661326255790052997e+01
2.012137113743378905e-02 2.012137113743355313e-02 1.660721827282274177e+01
3.748460364679011281e-03 4.179806808948373309e+00 1.661493106750036475e+01
2.098580015640488128e+00 6.251800624405512430e+00 1.662321998435951542e+01
1.662587150430874772e+01 8.323873109351490385e+00 1.662587150430874772e+01
1.872418259788996053e+01 1.039864350461605191e+01 1.662340160215729767e+01
8.323914500423109430e+00 8.323914500423109430e+00 1.663977632470469814e+01
1.039788549957689057e+01 1.039788549957689057e+01 1.663977632470469814e+01
4.179806808948373309e+00 3.748460364679008245e-03 1.661493106750036475e+01
6.251800624405512430e+00 2.098580015640487684e+00 1.662321998435951542e+01
-7.868399476598428571e-04 1.247317489137337176e+01 1.662131050246415853e+01
2.103876905608601966e+00 1.453956745098444081e+01 1.661792309439140070e+01
1.393136434685404365e-02 1.660735367653341754e+01 1.660735367653341754e+01
2.114446323466582900e+00 1.870786863565314562e+01 1.660735367653342109e+01
1.660735367653341754e+01 1.393136434685261597e-02 1.660735367653341754e+01
1.870786863565314562e+01 2.114446323466582456e+00 1.660735367653341754e+01
8.323873109351492161e+00 1.662587150430874772e+01 1.662587150430874772e+01
1.039864350461605369e+01 1.872418259788996053e+01 1.662340160215729767e+01
8.324671301218570463e+00 4.174140498012275380e+00 1.663176955021251047e+01
1.039737236346257632e+01 6.249602585962075629e+00 1.663713334741091998e+01
1.247088828478706013e+01 1.247088828478706013e+01 1.663448040197771149e+01
1.454209947430928551e+01 1.454209947430928551e+01 1.662390705467717922e+01
1.662321998435951542e+01 1.246999937559449023e+01 1.662321998435951542e+01
1.871805153963532220e+01 1.454199319105162935e+01 1.661493106750036475e+01
1.246937591596901740e+01 4.176690096160732502e+00 1.662909969672248423e+01
1.454510990383926661e+01 6.252424084030980822e+00 1.662909969672248778e+01
4.179700525690718038e+00 4.179700525690718038e+00 1.662390705467718277e+01
6.250911715212939868e+00 6.250911715212939868e+00 1.663448040197771149e+01
-2.382597889959418413e-03 8.323156495383948084e+00 1.662340160215729767e+01
2.095928495691255389e+00 1.039792689064850784e+01 1.662587150430874772e+01
8.323156495383948084e+00 -2.382597889960016892e-03 1.662340160215729767e+01
1.039792689064850784e+01 2.095928495691253612e+00 1.662587150430874772e+01
4.174140498012275380e+00 8.324671301218570463e+00 1.663176955021251047e+01
6.249602585962075629e+00 1.039737236346257632e+01 1.663713334741091998e+01
1.661792309439139714e+01 4.182232549015558298e+00 1.661792309439140070e+01
1.872258683994766315e+01 6.248625108626627345e+00 1.662131050246415853e+01
8.324427636537425457e+00 1.247219741403792526e+01 1.663713334741092353e+01
1.039712869878143309e+01 1.454765950198772728e+01 1.663176955021251047e+01
4.182232549015559187e+00 1.661792309439139714e+01 1.661792309439140070e+01
6.248625108626627345e+00 1.872258683994766315e+01 1.662131050246415853e+01
1.661326255790052642e+01 1.661326255790052642e+01 1.661326255790052642e+01
1.870167862886257026e+01 1.870167862886257026e+01 1.660721827282273821e+01
1.039864350461605369e+01 1.662340160215729767e+01 1.872418259788996053e+01
8.322453396212477372e+00 1.871575746948184715e+01 1.871575746948184715e+01
6.248625108626628233e+00 1.662131050246415853e+01 1.872258683994766670e+01
4.174125322251921233e+00 1.871197206907488564e+01 1.871197206907488919e+01
2.114446323466584232e+00 1.660735367653341754e+01 1.870786863565314917e+01
3.466377474701858724e-02 1.868713622525297424e+01 1.868713622525298135e+01
2.114581727177262671e+00 2.012137113743282107e-02 1.870167862886257026e+01
2.012137113743291475e-02 2.114581727177262671e+00 1.870167862886257026e+01
1.871575746948184715e+01 8.322453396212475596e+00 1.871575746948184715e+01
1.662340160215729767e+01 1.039864350461605191e+01 1.872418259788996053e+01
1.454191116175596576e+01 4.179888838244030680e+00 1.872799970527518454e+01
1.247155999745173460e+01 6.250240002548264506e+00 1.873781453753911208e+01
2.098398397842705432e+00 8.323156495383949860e+00 1.872418259788996053e+01
6.042530518152761966e-03 1.039934660378752262e+01 1.871575746948184715e+01
1.868713622525297779e+01 3.466377474701928807e-02 1.868713622525297779e+01
1.660735367653341754e+01 2.114446323466582456e+00 1.870786863565314562e+01
1.454659040408738768e+01 1.247101152162954740e+01 1.873263150138053490e+01
1.247101152162954918e+01 1.454659040408738591e+01 1.873263150138053845e+01
1.039777048202024012e+01 1.247376329381601145e+01 1.874027510017640097e+01
8.323608350991355209e+00 1.454990727089179714e+01 1.873495607769744353e+01
6.250788478370455259e+00 4.175209595912616756e+00 1.873263150138053845e+01
4.175209595912616756e+00 6.250788478370453483e+00 1.873263150138053845e+01
2.100489497535845462e+00 1.247317489137336999e+01 1.872258683994766670e+01
9.827930925113286670e-03 1.454767467774807876e+01 1.871197206907488919e+01
2.106868932499637470e+00 4.179806808948373309e+00 1.871805153963532575e+01
7.214389783315166074e-03 6.246602495301869951e+00 1.871458561021668743e+01
1.039812355194044180e+01 8.323676448059558197e+00 1.874285509163947694e+01
8.323676448059558197e+00 1.039812355194044002e+01 1.874285509163947694e+01
1.871458561021668388e+01 1.247519750469813360e+01 1.871458561021668388e+01
1.661493106750036475e+01 1.454199319105162935e+01 1.871805153963532220e+01
1.454767467774807699e+01 9.827930925112233693e-03 1.871197206907488564e+01
1.247317489137336999e+01 2.100489497535844574e+00 1.872258683994766315e+01
6.248036706183988542e+00 8.324029517979758097e+00 1.874027510017640097e+01
4.171892729108206410e+00 1.039819164900864656e+01 1.873495607769744709e+01
6.246602495301869951e+00 7.214389783315339547e-03 1.871458561021668743e+01
4.179806808948373309e+00 2.106868932499637470e+00 1.871805153963532575e+01
1.871197206907488564e+01 4.174125322251918568e+00 1.871197206907488564e+01
1.662131050246415498e+01 6.248625108626626456e+00 1.872258683994766670e+01
1.454990727089179714e+01 8.323608350991355209e+00 1.873495607769744353e+01
1.247376329381601323e+01 1.039777048202024012e+01 1.874027510017640097e+01
1.454199319105163113e+01 1.661493106750036475e+01 1.871805153963532575e+01
1.247519750469813538e+01 1.871458561021668388e+01 1.871458561021668388e+01
1.039819164900864656e+01 4.171892729108205522e+00 1.873495607769744353e+01
8.324029517979759873e+00 6.248036706183988542e+00 1.874027510017640097e+01
6.250240002548266283e+00 1.247155999745173460e+01 1.873781453753911208e+01
4.179888838244033344e+00 1.454191116175596576e+01 1.872799970527518809e+01
1.039934660378752262e+01 6.042530518150915353e-03 1.871575746948184715e+01
8.323156495383951636e+00 2.098398397842704988e+00 1.872418259788996053e+01
1.870167862886257026e+01 1.660721827282273821e+01 1.870167862886257026e+01
1.660721827282273821e+01 1.870167862886257026e+01 1.870167862886257026e+01
