2.118912614070989520e+00 2.118912614070989520e+00 1.839706961542321093e-02
3.913999690174933821e-02 3.913999690174946311e-02 3.913999690174908841e-02
1.404528734222738363e-02 4.178105804809971957e+00 1.404528734222669842e-02
2.104650704549512419e+00 6.252419431279949258e+00 3.406117867575726710e-03
9.476981996505748351e-03 8.325283731540743304e+00 9.476981996505606104e-03
2.100547873988640735e+00 1.040272486645429773e+01 3.722605939726741768e-04
8.803073318805830494e-03 1.247986351278197503e+01 8.803073318805851311e-03
2.101894124225746729e+00 1.455551376375064265e+01 1.310150314925343992e-03
1.112529361580736481e-02 1.663221560755233597e+01 1.112529361580769441e-02
2.111291833076809787e+00 1.869816135331828022e+01 8.155138192711200440e-03
2.450598740593141339e-02 2.076326210222155666e+01 2.450598740593036215e-02
2.118937897778448765e+00 2.285769401259407374e+01 2.450598740593277342e-02
4.178105804809972845e+00 1.404528734222743047e-02 1.404528734222693781e-02
6.252419431279949258e+00 2.104650704549512419e+00 3.406117867575624795e-03
4.184315823964877445e+00 4.184315823964877445e+00 -1.694279467490720755e-03
6.254541526360975823e+00 6.254541526360976711e+00 -1.176443714697440919e-02
4.175208543489823398e+00 8.327791151019752647e+00 -9.328102318991006794e-03
6.249496417150160354e+00 1.040334446453029571e+01 -1.636043722144338991e-02
4.173483092656686821e+00 1.247901924874644131e+01 -1.043038306223472052e-02
6.251532635255252934e+00 1.455362404541421917e+01 -1.485280764214954620e-02
4.179430745778807577e+00 1.662721175017452424e+01 -6.468160562075674774e-03
6.254988249825483848e+00 1.870276925422119163e+01 -6.468160562076283662e-03
4.184038646681726981e+00 2.077090816692318853e+01 8.155138192711438097e-03
6.249984392447662351e+00 2.287107470638419571e+01 1.112529361580755216e-02
8.325283731540743304e+00 9.476981996505744882e-03 9.476981996504969460e-03
1.040272486645429595e+01 2.100547873988641623e+00 3.722605939725653229e-04
8.327791151019752647e+00 4.175208543489824287e+00 -9.328102318990913119e-03
1.040334446453029749e+01 6.249496417150161243e+00 -1.636043722144287643e-02
8.327979531562483828e+00 8.327979531562483828e+00 -1.837313446395933553e-02
1.040319298621381527e+01 1.040319298621381705e+01 -2.175250675249978602e-02
8.326661674212454400e+00 1.247877093037293328e+01 -2.001722460916539534e-02
1.040342906962706770e+01 1.455553832578754303e+01 -2.001722460916561044e-02
8.328575954585787144e+00 1.663066736474474894e+01 -1.485280764214985672e-02
1.040318075125355968e+01 1.870871690734331949e+01 -1.043038306223350795e-02
8.326686236249358330e+00 2.078030587577425692e+01 1.310150314924658126e-03
1.040233648721802773e+01 2.287339692668119895e+01 8.803073318805502631e-03
1.247986351278197326e+01 8.803073318805887740e-03 8.803073318806309278e-03
1.455551376375064265e+01 2.101894124225746285e+00 1.310150314925504671e-03
1.247901924874644131e+01 4.173483092656686821e+00 -1.043038306223459388e-02
1.455362404541421917e+01 6.251532635255253822e+00 -1.485280764214927558e-02
1.247877093037293150e+01 8.326661674212456177e+00 -2.001722460916492002e-02
1.455553832578754303e+01 1.040342906962706770e+01 -2.001722460916509350e-02
1.247900701378618038e+01 1.247900701378618038e+01 -2.175250675250019194e-02
1.455422046843751183e+01 1.455422046843751360e+01 -1.837313446395881511e-02
1.247885553546970172e+01 1.663270358284983885e+01 -1.636043722144214785e-02
1.455440884898024656e+01 1.870699145651017403e+01 -9.328102318989809835e-03
1.247947513354570503e+01 2.078165212601135892e+01 3.722605939733565736e-04
1.455691626845925590e+01 2.287272301800349794e+01 9.476981996506681633e-03
1.663221560755233597e+01 1.112529361580720348e-02 1.112529361580772910e-02
1.869816135331828022e+01 2.111291833076809343e+00 8.155138192711389525e-03
1.662721175017452424e+01 4.179430745778807577e+00 -6.468160562075313084e-03
1.870276925422119163e+01 6.254988249825483848e+00 -6.468160562075621865e-03
1.663066736474474894e+01 8.328575954585787144e+00 -1.485280764214891476e-02
1.870871690734331949e+01 1.040318075125355968e+01 -1.043038306223297886e-02
1.663270358284984241e+01 1.247885553546970350e+01 -1.636043722144234908e-02
1.870699145651017758e+01 1.455440884898024656e+01 -9.328102318989542688e-03
1.662765847363901983e+01 1.662765847363901628e+01 -1.176443714697251661e-02
1.869788417603511732e+01 1.869788417603512087e+01 -1.694279467490592385e-03
1.662978056872004728e+01 2.077754929545049123e+01 3.406117867575816482e-03
1.870409419519002725e+01 2.286815471265777333e+01 1.404528734222460634e-02
2.076326210222156021e+01 2.450598740593171870e-02 2.450598740593065011e-02
2.285769401259407374e+01 2.118937897778449653e+00 2.450598740593328689e-02
2.077090816692319208e+01 4.184038646681726981e+00 8.155138192712510156e-03
2.287107470638419571e+01 6.249984392447663240e+00 1.112529361580861034e-02
2.078030587577425692e+01 8.326686236249358330e+00 1.310150314925169436e-03
2.287339692668119540e+01 1.040233648721802595e+01 8.803073318804728944e-03
2.078165212601135892e+01 1.247947513354570503e+01 3.722605939735736309e-04
2.287272301800349439e+01 1.455691626845925768e+01 9.476981996506077949e-03
2.077754929545048768e+01 1.662978056872005084e+01 3.406117867576258836e-03
2.286815471265777688e+01 1.870409419519002725e+01 1.404528734222676087e-02
2.076328738592899725e+01 2.076328738592899725e+01 1.839706961541867636e-02
2.284306000309823048e+01 2.284306000309823403e+01 3.913999690173033952e-02
2.102859663894699249e+00 1.662614843369240702e+01 2.102859663894699249e+00
8.155138192711209114e-03 1.869816135331828022e+01 2.111291833076809787e+00
1.455551376375064265e+01 1.310150314924904240e-03 2.101894124225746729e+00
1.247888308652223621e+01 2.098213935544873454e+00 2.098213935544873454e+00
6.251941292747486223e+00 1.247822496958128191e+01 2.086057149496905794e+00
4.177720940389781923e+00 1.455249421720692915e+01 2.093699322841739097e+00
1.455249421720692915e+01 4.177720940389781923e+00 2.093699322841739541e+00
1.247822496958128191e+01 6.251941292747486223e+00 2.086057149496905794e+00
2.099520789726636139e+00 8.328243988009484511e+00 2.099520789726636139e+00
3.722605939729049492e-04 1.040272486645429773e+01 2.100547873988640735e+00
1.455340939898489339e+01 8.328790601015105821e+00 2.084110115679465025e+00
1.247874270929051477e+01 1.040345729070948444e+01 2.080478449534473917e+00
6.255544379901995633e+00 1.662665562009800979e+01 2.091470226111066921e+00
4.184242758167799003e+00 1.869795724183220642e+01 2.102485625808630854e+00
1.455423604950508398e+01 1.247843153189394805e+01 2.082297168095759154e+00
1.247843153189394627e+01 1.455423604950508221e+01 2.082297168095759154e+00
2.113006911372664387e+00 2.076919308862733615e+01 2.113006911372664387e+00
2.450598740593338057e-02 2.285769401259407374e+01 2.118937897778447432e+00
1.455240374848381890e+01 1.662867447529399811e+01 2.087837089774819077e+00
1.247855391246560330e+01 1.870632598669872593e+01 2.092012162124154973e+00
6.256051566307598399e+00 2.077934033610530307e+01 2.102859663894699693e+00
4.184038646681727869e+00 2.287404486180728114e+01 2.111291833076812452e+00
1.455395601199051470e+01 2.078267921027336484e+01 2.099520789726637471e+00
1.247947513354570326e+01 2.288182773940602743e+01 2.100547873988641623e+00
2.108396246032898880e+00 4.186653773902348163e+00 2.108396246032898436e+00
3.406117867575919698e-03 6.252419431279949258e+00 2.104650704549511975e+00
1.869816135331828022e+01 8.155138192711252482e-03 2.111291833076809787e+00
1.662614843369240702e+01 2.102859663894698805e+00 2.102859663894699249e+00
1.040272486645429595e+01 3.722605939729207243e-04 2.100547873988640735e+00
8.328243988009484511e+00 2.099520789726636583e+00 2.099520789726636139e+00
1.869795724183220642e+01 4.184242758167798115e+00 2.102485625808630854e+00
1.662665562009800979e+01 6.255544379901995633e+00 2.091470226111067365e+00
6.252419431279949258e+00 3.406117867575942249e-03 2.104650704549511975e+00
4.186653773902348163e+00 2.108396246032898880e+00 2.108396246032898436e+00
1.870447905961021817e+01 8.329705782793075386e+00 2.093699322841740873e+00
1.663025870725251210e+01 1.040397503041872085e+01 2.086057149496906682e+00
1.040364608753439590e+01 4.175874013301273280e+00 2.092012162124153196e+00
8.329796251516180305e+00 6.253525524705999317e+00 2.087837089774818189e+00
1.870632598669872593e+01 1.247855391246560330e+01 2.092012162124154973e+00
1.662867447529400167e+01 1.455240374848381890e+01 2.087837089774819077e+00
2.098213935544873898e+00 1.247888308652223621e+01 2.098213935544873454e+00
1.310150314925210202e-03 1.455551376375064265e+01 2.101894124225747174e+00
1.870111767333984076e+01 1.662513429152684097e+01 2.097106085533393394e+00
1.662513429152684097e+01 1.870111767333983721e+01 2.097106085533392950e+00
1.040376846810605116e+01 8.327963950494915224e+00 2.082297168095759154e+00
8.327963950494915224e+00 1.040376846810605294e+01 2.082297168095759154e+00
1.869554622609765104e+01 2.077380375396709766e+01 2.108396246032897547e+00
1.662978056872005084e+01 2.287879388213242393e+01 2.104650704549512419e+00
6.257065708473158239e+00 4.181082326660158444e+00 2.097106085533392505e+00
4.181082326660158444e+00 6.257065708473159127e+00 2.097106085533392505e+00
2.285769401259407374e+01 2.450598740593358180e-02 2.118937897778448320e+00
2.076919308862733615e+01 2.113006911372664387e+00 2.113006911372664831e+00
1.040345729070948266e+01 1.247874270929051477e+01 2.080478449534473473e+00
8.328790601015105821e+00 1.455340939898489516e+01 2.084110115679464581e+00
2.287404486180728469e+01 4.184038646681727869e+00 2.111291833076813784e+00
2.077934033610530307e+01 6.256051566307598399e+00 2.102859663894700137e+00
1.839706961542377991e-02 2.118912614070989520e+00 2.118912614070989076e+00
2.118912614070989520e+00 1.839706961542383890e-02 2.118912614070989076e+00
2.288088984968507589e+01 8.326686236249358330e+00 2.101894124225746729e+00
2.078398606445512797e+01 1.040331691347776477e+01 2.098213935544874786e+00
1.040397503041871907e+01 1.663025870725251210e+01 2.086057149496906238e+00
8.329705782793075386e+00 1.870447905961021817e+01 2.093699322841740429e+00
2.288182773940602743e+01 1.247947513354570326e+01 2.100547873988640735e+00
2.078267921027336484e+01 1.455395601199051470e+01 2.099520789726637915e+00
6.253525524705999317e+00 8.329796251516180305e+00 2.087837089774818189e+00
4.175874013301273280e+00 1.040364608753439590e+01 2.092012162124152752e+00
2.287879388213242393e+01 1.662978056872005084e+01 2.104650704549512863e+00
2.077380375396710122e+01 1.869554622609765104e+01 2.108396246032898436e+00
1.040331691347776477e+01 2.078398606445512797e+01 2.098213935544874342e+00
8.326686236249358330e+00 2.288088984968507589e+01 2.101894124225745841e+00
2.286380293038456912e+01 2.076328738592900791e+01 2.118912614070984191e+00
2.076328738592900436e+01 2.286380293038456912e+01 2.118912614070984191e+00
4.178632676959468384e+00 1.662515386462897027e+01 4.178632676959468384e+00
6.257046135371031603e+00 1.870356732304053438e+01 4.178632676959468384e+00
-1.694279467490517575e-03 4.184315823964876557e+00 4.184315823964876557e+00
2.097106085533392950e+00 6.257065708473158239e+00 4.181082326660157555e+00
1.662721175017452424e+01 -6.468160562075939320e-03 4.179430745778807577e+00
1.869795724183220642e+01 2.102485625808630409e+00 4.184242758167798115e+00
8.330140184007662540e+00 1.662878229640538308e+01 4.171577100389048276e+00
1.040417521375736420e+01 1.870846846478800174e+01 4.173731535212001020e+00
4.182435402110809441e+00 4.182435402110809441e+00 4.182435402110808553e+00
6.255629260808117209e+00 6.255629260808117209e+00 4.174929646972230124e+00
1.662515386462897027e+01 4.178632676959468384e+00 4.178632676959468384e+00
1.870356732304053438e+01 6.257046135371031603e+00 4.178632676959468384e+00
4.184242758167799892e+00 2.077971437419137146e+01 4.184242758167799892e+00
6.254988249825482960e+00 2.288866816056208009e+01 4.179430745778810241e+00
8.329705782793075386e+00 2.078850067715826455e+01 4.177720940389783699e+00
1.040318075125355968e+01 2.289263038306223663e+01 4.173483092656687710e+00
1.662878229640538308e+01 8.330140184007662540e+00 4.171577100389048276e+00
1.870846846478800174e+01 1.040417521375736420e+01 4.173731535212001909e+00
-1.043038306223462337e-02 1.247901924874644131e+01 4.173483092656686821e+00
2.093699322841739097e+00 1.455249421720692915e+01 4.177720940389781923e+00
8.155138192712107700e-03 2.077090816692319208e+01 4.184038646681726092e+00
2.111291833076812452e+00 2.287404486180728469e+01 4.184038646681726981e+00
1.663016154376737887e+01 1.247805631684920868e+01 4.169825292916953252e+00
1.870670837840754785e+01 1.455172149737259168e+01 4.175491621592454017e+00
1.247901924874644131e+01 -1.043038306223482460e-02 4.173483092656686821e+00
1.455249421720692915e+01 2.093699322841739097e+00 4.177720940389781923e+00
8.327791151019752647e+00 -9.328102318990703218e-03 4.175208543489824287e+00
1.040364608753439590e+01 2.092012162124153196e+00 4.175874013301273280e+00
1.662657073919188377e+01 1.662657073919188377e+01 4.174929646972231900e+00
1.869976459788918888e+01 1.869976459788918888e+01 4.182435402110809441e+00
4.175491621592453129e+00 8.330478502627409298e+00 4.175491621592452240e+00
6.252038456232624775e+00 1.040414368315079230e+01 4.169825292916952364e+00
1.247802478624263678e+01 4.173731535211999244e+00 4.173731535212000132e+00
1.455205981599233844e+01 6.253417703594614352e+00 4.171577100389047388e+00
1.662513429152684452e+01 2.078509391446661070e+01 4.181082326660157555e+00
1.869788417603512443e+01 2.288389427946749066e+01 4.184315823964875669e+00
-9.328102318990736178e-03 8.327791151019752647e+00 4.175208543489823398e+00
2.092012162124153196e+00 1.040364608753439590e+01 4.175874013301272392e+00
8.330478502627409298e+00 4.175491621592453129e+00 4.175491621592452240e+00
1.040414368315079230e+01 6.252038456232625663e+00 4.169825292916951476e+00
2.077090816692319208e+01 8.155138192711937697e-03 4.184038646681726981e+00
2.287404486180728469e+01 2.111291833076812452e+00 4.184038646681728757e+00
1.247832269906452041e+01 8.328351608431335151e+00 4.166436206458413061e+00
1.455384839156866406e+01 1.040387730093547880e+01 4.166436206458413061e+00
2.108396246032898880e+00 2.108396246032898880e+00 4.186653773902348163e+00
1.404528734222742874e-02 1.404528734222716679e-02 4.178105804809971957e+00
2.077971437419137146e+01 4.184242758167799892e+00 4.184242758167799892e+00
2.288866816056208009e+01 6.254988249825483848e+00 4.179430745778811129e+00
4.173731535212000132e+00 1.247802478624263856e+01 4.173731535212000132e+00
6.253417703594614352e+00 1.455205981599234022e+01 4.171577100389047388e+00
1.247854421026812943e+01 1.247854421026812943e+01 4.164644757048706403e+00
1.455298982397264140e+01 1.455298982397264140e+01 4.168234827013162835e+00
2.078850067715826455e+01 8.329705782793075386e+00 4.177720940389783699e+00
2.289263038306223663e+01 1.040318075125356145e+01 4.173483092656686821e+00
8.329210176027357804e+00 8.329210176027357804e+00 4.168234827013161947e+00
1.040365578973186977e+01 1.040365578973186977e+01 4.164644757048706403e+00
4.184315823964876557e+00 -1.694279467490523647e-03 4.184315823964876557e+00
6.257065708473157351e+00 2.097106085533392950e+00 4.181082326660157555e+00
2.079018783787584823e+01 1.247855391246560508e+01 4.175874013301275056e+00
2.289152810231898982e+01 1.455440884898024656e+01 4.175208543489825175e+00
1.247805631684920691e+01 1.663016154376737532e+01 4.169825292916952364e+00
1.455172149737259168e+01 1.870670837840754785e+01 4.175491621592453129e+00
-6.468160562075838706e-03 1.662721175017452424e+01 4.179430745778807577e+00
2.102485625808630409e+00 1.869795724183220642e+01 4.184242758167798115e+00
2.078509391446661070e+01 1.662513429152684452e+01 4.181082326660158444e+00
2.288389427946749421e+01 1.869788417603512798e+01 4.184315823964874781e+00
8.328351608431333375e+00 1.247832269906452041e+01 4.166436206458413061e+00
1.040387730093547702e+01 1.455384839156866406e+01 4.166436206458413061e+00
1.247855391246560508e+01 2.079018783787584823e+01 4.175874013301274168e+00
1.455440884898024656e+01 2.289152810231899338e+01 4.175208543489825175e+00
2.077380375396710122e+01 2.077380375396710122e+01 4.186653773902346387e+00
2.286815471265777333e+01 2.286815471265777333e+01 4.178105804809964852e+00
6.251636620324457994e+00 8.329685046707853147e+00 6.251636620324457994e+00
4.169825292916952364e+00 1.040414368315079230e+01 6.252038456232624775e+00
6.255544379901996521e+00 2.079072977388893051e+01 6.255544379901996521e+00
4.179430745778809353e+00 2.288866816056208009e+01 6.254988249825482960e+00
1.455361001147608491e+01 8.328589988523914300e+00 6.249375557545000071e+00
1.247866246175607685e+01 1.040353753824392236e+01 6.246551832688068018e+00
1.871237470708304684e+01 1.247805631684921046e+01 6.252038456232626551e+00
1.663056337967554299e+01 1.455251495329214784e+01 6.251636620324458882e+00
1.040353753824392236e+01 1.247866246175607685e+01 6.246551832688068018e+00
8.328589988523914300e+00 1.455361001147608491e+01 6.249375557545000959e+00
6.254541526360975823e+00 -1.176443714697389571e-02 6.254541526360974935e+00
4.181082326660157555e+00 2.097106085533392950e+00 6.257065708473157351e+00
2.097106085533392950e+00 4.181082326660157555e+00 6.257065708473157351e+00
-1.176443714697382285e-02 6.254541526360975823e+00 6.254541526360974935e+00
1.870727035302777352e+01 1.662657073919188733e+01 6.255629260808118097e+00
1.662657073919188733e+01 1.870727035302777352e+01 6.255629260808117209e+00
1.455438779431795737e+01 1.247839283389692788e+01 6.247978324533394634e+00
1.247839283389692788e+01 1.455438779431795737e+01 6.247978324533395522e+00
3.406117867575971739e-03 2.104650704549511975e+00 6.252419431279949258e+00
2.104650704549512863e+00 3.406117867575720205e-03 6.252419431279949258e+00
1.040405868957360980e+01 1.663199776680255226e+01 6.250202233197444279e+00
8.330140184007662540e+00 1.871062289961095360e+01 6.253417703594614352e+00
1.870111767333984076e+01 2.078509391446661070e+01 6.257065708473158239e+00
1.662765847363902338e+01 2.289396443714697327e+01 6.254541526360976711e+00
1.040334446453029571e+01 -1.636043722144330664e-02 6.249496417150160354e+00
8.329796251516180305e+00 2.087837089774818633e+00 6.253525524705998428e+00
1.455251495329214606e+01 1.663056337967554299e+01 6.251636620324458882e+00
1.247805631684920868e+01 1.871237470708304684e+01 6.252038456232625663e+00
6.250202233197442503e+00 1.247814131042639119e+01 6.250202233197443391e+00
4.171577100389047388e+00 1.455205981599233844e+01 6.253417703594614352e+00
2.287107470638419571e+01 1.112529361580755043e-02 6.249984392447664128e+00
2.077934033610530307e+01 2.102859663894699693e+00 6.256051566307599288e+00
2.102859663894699249e+00 2.077934033610530307e+01 6.256051566307598399e+00
1.112529361580748104e-02 2.287107470638419571e+01 6.249984392447663240e+00
1.040397503041872085e+01 2.079614285050309519e+01 6.251941292747487999e+00
8.328575954585785368e+00 2.289705280764215090e+01 6.251532635255255599e+00
1.455240374848382068e+01 2.079436291022518546e+01 6.253525524706000205e+00
1.247885553546970350e+01 2.289856043722144463e+01 6.249496417150162131e+00
2.288866816056208009e+01 4.179430745778810241e+00 6.254988249825483848e+00
2.079072977388893051e+01 6.255544379901996521e+00 6.255544379901997409e+00
6.255629260808117209e+00 4.174929646972230124e+00 6.255629260808117209e+00
4.174929646972230124e+00 6.255629260808117209e+00 6.255629260808117209e+00
1.040414368315079052e+01 4.169825292916952364e+00 6.252038456232624775e+00
8.329685046707853147e+00 6.251636620324458882e+00 6.251636620324457105e+00
2.087837089774818633e+00 8.329796251516180305e+00 6.253525524705998428e+00
-1.636043722144302215e-02 1.040334446453029571e+01 6.249496417150160354e+00
2.289705280764215090e+01 8.328575954585785368e+00 6.251532635255255599e+00
2.079614285050309519e+01 1.040397503041872085e+01 6.251941292747487999e+00
1.870276925422119163e+01 -6.468160562076271519e-03 6.254988249825483848e+00
1.662665562009800979e+01 2.091470226111066477e+00 6.255544379901995633e+00
1.455362404541421917e+01 -1.485280764214987753e-02 6.251532635255253822e+00
1.247822496958128191e+01 2.086057149496905794e+00 6.251941292747486223e+00
6.253753427517497521e+00 1.662844657248250613e+01 6.253753427517498409e+00
4.178632676959467496e+00 1.870356732304053438e+01 6.257046135371031603e+00
2.289856043722144463e+01 1.247885553546970350e+01 6.249496417150162131e+00
2.079436291022518546e+01 1.455240374848382068e+01 6.253525524706001093e+00
2.091470226111066921e+00 1.662665562009800979e+01 6.255544379901995633e+00
-6.468160562076510911e-03 1.870276925422119163e+01 6.254988249825482960e+00
1.870356732304053438e+01 4.178632676959467496e+00 6.257046135371031603e+00
1.662844657248250613e+01 6.253753427517497521e+00 6.253753427517497521e+00
1.040380716610307310e+01 8.327812205682041835e+00 6.247978324533393746e+00
8.327812205682041835e+00 1.040380716610307310e+01 6.247978324533394634e+00
2.289396443714697327e+01 1.662765847363902338e+01 6.254541526360975823e+00
2.078509391446661070e+01 1.870111767333984076e+01 6.257065708473157351e+00
1.455205981599234022e+01 4.171577100389046500e+00 6.253417703594614352e+00
1.247814131042639119e+01 6.250202233197442503e+00 6.250202233197443391e+00
2.086057149496905794e+00 1.247822496958128191e+01 6.251941292747486223e+00
-1.485280764214993998e-02 1.455362404541421917e+01 6.251532635255252934e+00
1.871062289961095360e+01 8.330140184007662540e+00 6.253417703594615240e+00
1.663199776680255226e+01 1.040405868957360980e+01 6.250202233197443391e+00
2.287879388213242393e+01 2.077754929545049123e+01 6.252419431279944817e+00
2.077754929545049123e+01 2.287879388213242393e+01 6.252419431279944817e+00
1.663056337967554654e+01 1.663056337967554654e+01 8.329685046707853147e+00
1.870670837840754785e+01 1.870670837840754785e+01 8.330478502627409298e+00
4.175491621592453129e+00 4.175491621592452240e+00 8.330478502627409298e+00
6.251636620324457994e+00 6.251636620324457105e+00 8.329685046707853147e+00
1.247877093037293150e+01 -2.001722460916550983e-02 8.326661674212454400e+00
1.455340939898489516e+01 2.084110115679464137e+00 8.328790601015105821e+00
4.166436206458412173e+00 1.247832269906452041e+01 8.328351608431335151e+00
6.249375557545000071e+00 1.455361001147608491e+01 8.328589988523916077e+00
1.247843153189394805e+01 2.079990283190423739e+01 8.327963950494917000e+00
1.455422046843751538e+01 2.290057313446395781e+01 8.327979531562483828e+00
1.662867447529400167e+01 2.079436291022518546e+01 8.329796251516180305e+00
1.870699145651017758e+01 2.289152810231898982e+01 8.327791151019752647e+00
-1.837313446395920022e-02 8.327979531562482052e+00 8.327979531562482052e+00
2.082297168095758710e+00 1.040376846810605116e+01 8.327963950494915224e+00
2.099520789726636139e+00 2.099520789726636139e+00 8.328243988009484511e+00
9.476981996505795189e-03 9.476981996505000685e-03 8.325283731540741528e+00
8.326715653173794252e+00 1.247871130630997172e+01 8.326715653173794252e+00
1.040348869369002927e+01 1.455548434682620496e+01 8.326715653173796028e+00
1.247832269906452041e+01 4.166436206458412173e+00 8.328351608431335151e+00
1.455361001147608491e+01 6.249375557544999182e+00 8.328589988523914300e+00
2.078030587577425692e+01 1.310150314924971677e-03 8.326686236249360107e+00
2.288088984968507589e+01 2.101894124225746285e+00 8.326686236249360107e+00
1.663066736474474894e+01 -1.485280764214973875e-02 8.328575954585787144e+00
1.870447905961021817e+01 2.093699322841740429e+00 8.329705782793077162e+00
8.327979531562482052e+00 -1.837313446395932165e-02 8.327979531562482052e+00
1.040376846810605116e+01 2.082297168095758710e+00 8.327963950494915224e+00
4.175208543489824287e+00 -9.328102318990625155e-03 8.327791151019752647e+00
6.253525524705998428e+00 2.087837089774818633e+00 8.329796251516180305e+00
-2.001722460916545779e-02 1.247877093037293150e+01 8.326661674212454400e+00
2.084110115679464581e+00 1.455340939898489516e+01 8.328790601015105821e+00
2.078850067715826455e+01 4.177720940389782811e+00 8.329705782793075386e+00
2.289705280764215090e+01 6.251532635255255599e+00 8.328575954585785368e+00
4.171577100389047388e+00 1.662878229640538308e+01 8.330140184007662540e+00
6.253417703594614352e+00 1.871062289961095360e+01 8.330140184007662540e+00
1.662878229640538308e+01 4.171577100389047388e+00 8.330140184007662540e+00
1.871062289961095360e+01 6.253417703594614352e+00 8.330140184007664317e+00
1.247871130630997172e+01 8.326715653173794252e+00 8.326715653173794252e+00
1.455548434682620496e+01 1.040348869369002749e+01 8.326715653173794252e+00
8.328589988523916077e+00 1.663282444245500358e+01 8.328589988523916077e+00
1.040387730093548058e+01 1.871576379354158703e+01 8.328351608431336928e+00
2.079808988432053596e+01 8.328790601015107598e+00 8.328790601015107598e+00
2.290221722460916709e+01 1.040342906962706948e+01 8.326661674212456177e+00
4.168234827013161947e+00 8.329210176027357804e+00 8.329210176027357804e+00
6.247978324533393746e+00 1.040380716610307310e+01 8.327812205682041835e+00
8.329210176027357804e+00 4.168234827013161947e+00 8.329210176027357804e+00
1.040380716610307310e+01 6.247978324533393746e+00 8.327812205682041835e+00
1.663282444245500358e+01 8.328589988523916077e+00 8.328589988523916077e+00
1.871576379354158703e+01 1.040387730093548058e+01 8.328351608431336928e+00
1.310150314924371897e-03 2.078030587577425692e+01 8.326686236249358330e+00
2.101894124225745841e+00 2.288088984968507589e+01 8.326686236249358330e+00
2.079990283190423739e+01 1.247843153189394805e+01 8.327963950494917000e+00
2.290057313446396137e+01 1.455422046843751538e+01 8.327979531562483828e+00
1.247894467178286604e+01 1.247894467178286604e+01 8.325906679312847558e+00
1.455465370630127708e+01 1.455465370630127886e+01 8.327546293698725677e+00
-1.485280764215014815e-02 1.663066736474474894e+01 8.328575954585785368e+00
2.093699322841739541e+00 1.870447905961021817e+01 8.329705782793075386e+00
8.328790601015107598e+00 2.079808988432053596e+01 8.328790601015107598e+00
1.040342906962706770e+01 2.290221722460916709e+01 8.326661674212456177e+00
1.663422167546660901e+01 1.247839283389692788e+01 8.327812205682041835e+00
1.871396517298683548e+01 1.455298982397264318e+01 8.329210176027357804e+00
2.079436291022518546e+01 1.662867447529400167e+01 8.329796251516182082e+00
2.289152810231898982e+01 1.870699145651017758e+01 8.327791151019752647e+00
-9.328102318990604339e-03 4.175208543489823398e+00 8.327791151019752647e+00
2.087837089774818633e+00 6.253525524705998428e+00 8.329796251516180305e+00
4.177720940389782811e+00 2.078850067715826455e+01 8.329705782793075386e+00
6.251532635255254711e+00 2.289705280764215090e+01 8.328575954585785368e+00
1.247839283389692788e+01 1.663422167546660901e+01 8.327812205682043611e+00
1.455298982397264318e+01 1.871396517298683548e+01 8.329210176027357804e+00
8.327546293698723900e+00 8.327546293698723900e+00 8.327546293698723900e+00
1.040325532821713495e+01 1.040325532821713495e+01 8.325906679312847558e+00
2.078267921027336484e+01 2.078267921027336484e+01 8.328243988009482734e+00
2.287272301800349439e+01 2.287272301800349439e+01 8.325283731540737975e+00
1.455548434682620496e+01 8.326715653173794252e+00 1.040348869369002749e+01
1.247920140521244292e+01 1.040299859478755806e+01 1.040299859478755806e+01
3.722605939730545691e-04 2.100547873988639846e+00 1.040272486645429595e+01
2.100547873988641179e+00 3.722605939724908924e-04 1.040272486645429595e+01
1.040325532821713495e+01 8.325906679312845782e+00 1.040325532821713495e+01
8.325906679312847558e+00 1.040325532821713317e+01 1.040325532821713495e+01
1.040345729070948444e+01 2.080172155046552618e+01 1.040345729070948622e+01
8.326661674212456177e+00 2.290221722460916709e+01 1.040342906962706770e+01
6.247978324533393746e+00 8.327812205682041835e+00 1.040380716610307132e+01
4.164644757048706403e+00 1.040365578973186977e+01 1.040365578973186977e+01
2.287339692668119895e+01 8.803073318806016109e-03 1.040233648721802950e+01
2.078398606445512797e+01 2.098213935544873898e+00 1.040331691347776655e+01
1.870846846478800174e+01 4.173731535212000132e+00 1.040417521375736420e+01
1.663199776680255226e+01 6.250202233197443391e+00 1.040405868957360980e+01
2.080478449534472585e+00 1.247874270929051477e+01 1.040345729070948266e+01
-2.001722460916568677e-02 1.455553832578754303e+01 1.040342906962706593e+01
1.455629332068715520e+01 1.247894467178286604e+01 1.040325532821713317e+01
1.247894467178286604e+01 1.455629332068715343e+01 1.040325532821713495e+01
1.040319298621381527e+01 -2.175250675250032031e-02 1.040319298621381527e+01
8.327963950494915224e+00 2.082297168095758710e+00 1.040376846810605116e+01
6.250202233197443391e+00 1.663199776680255582e+01 1.040405868957360980e+01
4.173731535212000132e+00 1.870846846478800174e+01 1.040417521375736420e+01
2.289263038306223663e+01 4.173483092656686821e+00 1.040318075125356145e+01
2.079614285050309519e+01 6.251941292747487999e+00 1.040397503041872085e+01
2.082297168095759154e+00 8.327963950494915224e+00 1.040376846810605116e+01
-2.175250675249985194e-02 1.040319298621381527e+01 1.040319298621381527e+01
1.871576379354158703e+01 8.328351608431336928e+00 1.040387730093548058e+01
1.663564816731193119e+01 1.040353753824392236e+01 1.040353753824392236e+01
1.455553832578754303e+01 -2.001722460916583249e-02 1.040342906962706770e+01
1.247874270929051477e+01 2.080478449534473029e+00 1.040345729070948266e+01
1.040299859478755984e+01 1.247920140521244114e+01 1.040299859478755984e+01
8.326715653173794252e+00 1.455548434682620496e+01 1.040348869369002749e+01
1.455438779431795915e+01 1.663422167546660901e+01 1.040380716610307310e+01
1.247854421026812943e+01 1.871755524295129547e+01 1.040365578973187155e+01
2.290221722460916709e+01 8.326661674212456177e+00 1.040342906962706770e+01
2.080172155046552618e+01 1.040345729070948622e+01 1.040345729070948622e+01
6.252038456232625663e+00 4.169825292916952364e+00 1.040414368315079230e+01
4.169825292916952364e+00 6.252038456232624775e+00 1.040414368315079230e+01
2.086057149496905350e+00 1.663025870725251210e+01 1.040397503041872085e+01
-1.043038306223409428e-02 1.870871690734331949e+01 1.040318075125356145e+01
1.871755524295129547e+01 1.247854421026813121e+01 1.040365578973187155e+01
1.663422167546660901e+01 1.455438779431796092e+01 1.040380716610307310e+01
6.249496417150160354e+00 -1.636043722144311582e-02 1.040334446453029571e+01
4.175874013301273280e+00 2.092012162124153196e+00 1.040364608753439590e+01
1.040365578973186977e+01 4.164644757048706403e+00 1.040365578973186977e+01
8.327812205682041835e+00 6.247978324533393746e+00 1.040380716610307310e+01
2.290395250675250338e+01 1.247900701378618393e+01 1.040319298621381883e+01
2.079990283190424094e+01 1.455423604950508398e+01 1.040376846810605116e+01
1.455384839156866228e+01 4.166436206458413061e+00 1.040387730093547880e+01
1.247866246175607685e+01 6.246551832688067130e+00 1.040353753824392236e+01
1.455423604950508398e+01 2.079990283190424094e+01 1.040376846810605116e+01
1.247900701378618216e+01 2.290395250675250338e+01 1.040319298621381705e+01
6.246551832688067130e+00 1.247866246175607685e+01 1.040353753824392236e+01
4.166436206458412173e+00 1.455384839156866406e+01 1.040387730093547880e+01
1.871237470708305040e+01 1.663016154376737887e+01 1.040414368315079230e+01
1.663016154376737887e+01 1.871237470708305040e+01 1.040414368315079230e+01
1.040353753824392236e+01 1.663564816731193119e+01 1.040353753824392413e+01
8.328351608431335151e+00 1.871576379354158703e+01 1.040387730093548058e+01
2.289856043722144463e+01 1.663270358284984241e+01 1.040334446453029749e+01
2.079018783787584823e+01 1.870632598669872948e+01 1.040364608753439590e+01
6.251941292747487111e+00 2.079614285050309519e+01 1.040397503041872085e+01
4.173483092656686821e+00 2.289263038306223663e+01 1.040318075125355968e+01
2.098213935544873454e+00 2.078398606445512797e+01 1.040331691347776477e+01
8.803073318804846906e-03 2.287339692668119895e+01 1.040233648721802595e+01
2.092012162124153196e+00 4.175874013301273280e+00 1.040364608753439590e+01
-1.636043722144311582e-02 6.249496417150160354e+00 1.040334446453029571e+01
1.870871690734331594e+01 -1.043038306223339692e-02 1.040318075125356145e+01
1.663025870725250854e+01 2.086057149496906238e+00 1.040397503041872085e+01
1.870632598669872948e+01 2.079018783787584823e+01 1.040364608753439413e+01
1.663270358284984241e+01 2.289856043722144463e+01 1.040334446453029571e+01
2.288182773940602743e+01 2.078165212601136247e+01 1.040272486645429595e+01
2.078165212601136247e+01 2.288182773940602743e+01 1.040272486645429595e+01
2.078165212601135892e+01 3.722605939729130265e-04 1.247947513354570503e+01
2.288182773940602743e+01 2.100547873988641623e+00 1.247947513354570503e+01
1.247866246175607863e+01 1.663564816731193119e+01 1.247866246175607863e+01
1.455384839156866583e+01 1.871576379354159059e+01 1.247832269906452041e+01
4.169825292916952364e+00 1.663016154376737532e+01 1.247805631684920691e+01
6.252038456232624775e+00 1.871237470708304684e+01 1.247805631684920868e+01
1.663422167546660901e+01 8.327812205682041835e+00 1.247839283389692788e+01
1.871755524295129547e+01 1.040365578973187155e+01 1.247854421026812943e+01
1.247854421026812766e+01 4.164644757048706403e+00 1.247854421026812943e+01
1.455438779431795560e+01 6.247978324533394634e+00 1.247839283389692788e+01
-2.175250675250056318e-02 1.247900701378618038e+01 1.247900701378618038e+01
2.082297168095758710e+00 1.455423604950508221e+01 1.247843153189394627e+01
8.326715653173794252e+00 8.326715653173794252e+00 1.247871130630997349e+01
1.040299859478755984e+01 1.040299859478755806e+01 1.247920140521244114e+01
2.079018783787584823e+01 4.175874013301274168e+00 1.247855391246560508e+01
2.289856043722144463e+01 6.249496417150163019e+00 1.247885553546970350e+01
8.326661674212454400e+00 -2.001722460916529125e-02 1.247877093037293150e+01
1.040345729070948266e+01 2.080478449534473029e+00 1.247874270929051477e+01
2.098213935544873454e+00 2.098213935544873454e+00 1.247888308652223621e+01
8.803073318806276318e-03 8.803073318805395078e-03 1.247986351278197503e+01
1.247874270929051477e+01 2.080172155046552618e+01 1.247874270929051477e+01
1.455553832578754481e+01 2.290221722460916709e+01 1.247877093037293150e+01
1.663564816731193119e+01 1.247866246175607863e+01 1.247866246175607685e+01
1.871576379354158703e+01 1.455384839156866583e+01 1.247832269906452041e+01
-1.043038306223496685e-02 4.173483092656686821e+00 1.247901924874643953e+01
2.086057149496905794e+00 6.251941292747486223e+00 1.247822496958128191e+01
8.327963950494917000e+00 2.079990283190423739e+01 1.247843153189394805e+01
1.040319298621381705e+01 2.290395250675250338e+01 1.247900701378618393e+01
2.079990283190423739e+01 8.327963950494917000e+00 1.247843153189394805e+01
2.290395250675250338e+01 1.040319298621381705e+01 1.247900701378618393e+01
1.247894467178286604e+01 8.325906679312847558e+00 1.247894467178286604e+01
1.455629332068715343e+01 1.040325532821713317e+01 1.247894467178286604e+01
4.164644757048706403e+00 1.247854421026812943e+01 1.247854421026812943e+01
6.247978324533394634e+00 1.455438779431795737e+01 1.247839283389692611e+01
-1.636043722144321644e-02 1.663270358284983885e+01 1.247885553546970172e+01
2.092012162124153640e+00 1.870632598669872593e+01 1.247855391246560508e+01
-2.001722460916517329e-02 8.326661674212454400e+00 1.247877093037293150e+01
2.080478449534473029e+00 1.040345729070948266e+01 1.247874270929051477e+01
1.663199776680255582e+01 1.663199776680255582e+01 1.247814131042639119e+01
1.870846846478800174e+01 1.870846846478800174e+01 1.247802478624263678e+01
1.663270358284983885e+01 -1.636043722144260928e-02 1.247885553546970172e+01
1.870632598669872593e+01 2.092012162124154528e+00 1.247855391246560508e+01
2.080172155046552618e+01 1.247874270929051477e+01 1.247874270929051477e+01
2.290221722460916709e+01 1.455553832578754481e+01 1.247877093037293328e+01
8.325906679312847558e+00 1.247894467178286426e+01 1.247894467178286426e+01
1.040325532821713317e+01 1.455629332068715343e+01 1.247894467178286604e+01
4.175874013301273280e+00 2.079018783787584823e+01 1.247855391246560508e+01
6.249496417150162131e+00 2.289856043722144463e+01 1.247885553546970172e+01
8.328351608431335151e+00 4.166436206458412173e+00 1.247832269906452218e+01
1.040353753824392236e+01 6.246551832688067130e+00 1.247866246175607863e+01
1.247920140521244292e+01 1.247920140521244114e+01 1.247920140521244114e+01
1.455548434682620673e+01 1.455548434682620673e+01 1.247871130630997172e+01
1.247900701378618038e+01 -2.175250675250048685e-02 1.247900701378618038e+01
1.455423604950508043e+01 2.082297168095759154e+00 1.247843153189394627e+01
1.663025870725251210e+01 2.079614285050309874e+01 1.247822496958127836e+01
1.870871690734331949e+01 2.289263038306223663e+01 1.247901924874643953e+01
2.079614285050309519e+01 1.663025870725251210e+01 1.247822496958128013e+01
2.289263038306223663e+01 1.870871690734331949e+01 1.247901924874643953e+01
4.166436206458412173e+00 8.328351608431335151e+00 1.247832269906452041e+01
6.246551832688067130e+00 1.040353753824392058e+01 1.247866246175607685e+01
1.663016154376737532e+01 4.169825292916952364e+00 1.247805631684920868e+01
1.871237470708304684e+01 6.252038456232625663e+00 1.247805631684920868e+01
3.722605939728839699e-04 2.078165212601136247e+01 1.247947513354570503e+01
2.100547873988640735e+00 2.288182773940602743e+01 1.247947513354570148e+01
4.173731535212000132e+00 4.173731535212000132e+00 1.247802478624263856e+01
6.250202233197443391e+00 6.250202233197443391e+00 1.247814131042639119e+01
4.173483092656686821e+00 -1.043038306223474307e-02 1.247901924874644131e+01
6.251941292747486223e+00 2.086057149496905794e+00 1.247822496958128191e+01
8.327812205682041835e+00 1.663422167546660901e+01 1.247839283389692788e+01
1.040365578973187155e+01 1.871755524295129547e+01 1.247854421026812943e+01
2.078398606445512797e+01 2.078398606445512797e+01 1.247888308652223444e+01
2.287339692668119895e+01 2.287339692668119895e+01 1.247986351278197326e+01
2.084110115679464581e+00 8.328790601015105821e+00 1.455340939898489516e+01
-2.001722460916578739e-02 1.040342906962706593e+01 1.455553832578754303e+01
6.247978324533394634e+00 1.247839283389692788e+01 1.455438779431795560e+01
4.168234827013162835e+00 1.455298982397264140e+01 1.455298982397264140e+01
1.871576379354158703e+01 1.247832269906452218e+01 1.455384839156866583e+01
1.663282444245500358e+01 1.455361001147608491e+01 1.455361001147608491e+01
2.289152810231898982e+01 4.175208543489826063e+00 1.455440884898024834e+01
2.079436291022518191e+01 6.253525524706001093e+00 1.455240374848382068e+01
1.455422046843751183e+01 -1.837313446395906144e-02 1.455422046843751183e+01
1.247843153189394627e+01 2.082297168095758710e+00 1.455423604950508398e+01
1.040342906962706593e+01 -2.001722460916519758e-02 1.455553832578754303e+01
8.328790601015105821e+00 2.084110115679464137e+00 1.455340939898489516e+01
6.251532635255253822e+00 -1.485280764214971100e-02 1.455362404541421917e+01
4.177720940389781923e+00 2.093699322841739097e+00 1.455249421720692737e+01
1.870699145651017403e+01 -9.328102318990137698e-03 1.455440884898024656e+01
1.662867447529399811e+01 2.087837089774818633e+00 1.455240374848381890e+01
1.455548434682620673e+01 1.247871130630997172e+01 1.455548434682620496e+01
1.247871130630997349e+01 1.455548434682620496e+01 1.455548434682620496e+01
1.040380716610307310e+01 1.663422167546660901e+01 1.455438779431795737e+01
8.329210176027356027e+00 1.871396517298683548e+01 1.455298982397264140e+01
1.040348869369002749e+01 8.326715653173794252e+00 1.455548434682620673e+01
8.326715653173794252e+00 1.040348869369002749e+01 1.455548434682620496e+01
2.290057313446395781e+01 8.327979531562483828e+00 1.455422046843751716e+01
2.079990283190423739e+01 1.040376846810605294e+01 1.455423604950508398e+01
1.871062289961095360e+01 1.662878229640538663e+01 1.455205981599233844e+01
1.662878229640538663e+01 1.871062289961095360e+01 1.455205981599233844e+01
6.249375557545000071e+00 8.328589988523914300e+00 1.455361001147608491e+01
4.166436206458412173e+00 1.040387730093547880e+01 1.455384839156866406e+01
6.253417703594614352e+00 4.171577100389047388e+00 1.455205981599234022e+01
4.171577100389046500e+00 6.253417703594614352e+00 1.455205981599234022e+01
2.093699322841738653e+00 4.177720940389781923e+00 1.455249421720692737e+01
-1.485280764215001978e-02 6.251532635255252934e+00 1.455362404541421917e+01
1.455298982397263963e+01 4.168234827013162835e+00 1.455298982397264140e+01
1.247839283389692788e+01 6.247978324533394634e+00 1.455438779431795915e+01
1.870670837840754785e+01 4.175491621592453129e+00 1.455172149737259168e+01
1.663056337967554299e+01 6.251636620324457994e+00 1.455251495329214606e+01
6.253525524705999317e+00 2.079436291022518546e+01 1.455240374848381890e+01
4.175208543489825175e+00 2.289152810231899338e+01 1.455440884898024478e+01
2.290221722460916354e+01 1.247877093037293328e+01 1.455553832578754481e+01
2.079808988432053241e+01 1.455340939898489516e+01 1.455340939898489516e+01
1.455361001147608491e+01 1.663282444245500358e+01 1.455361001147608491e+01
1.247832269906452041e+01 1.871576379354158703e+01 1.455384839156866406e+01
1.870447905961021817e+01 2.078850067715826455e+01 1.455249421720692560e+01
1.663066736474474894e+01 2.289705280764215090e+01 1.455362404541421562e+01
2.087837089774818633e+00 1.662867447529399811e+01 1.455240374848381713e+01
-9.328102318989851469e-03 1.870699145651017403e+01 1.455440884898024478e+01
2.082297168095758710e+00 1.247843153189394627e+01 1.455423604950508221e+01
-1.837313446395941879e-02 1.455422046843751183e+01 1.455422046843751183e+01
1.040376846810605116e+01 2.079990283190423739e+01 1.455423604950508221e+01
8.327979531562483828e+00 2.290057313446395781e+01 1.455422046843751360e+01
1.040387730093547880e+01 4.166436206458412173e+00 1.455384839156866406e+01
8.328589988523916077e+00 6.249375557544999182e+00 1.455361001147608491e+01
1.040325532821713317e+01 1.247894467178286604e+01 1.455629332068715343e+01
8.327546293698723900e+00 1.455465370630127708e+01 1.455465370630127708e+01
2.289705280764214734e+01 1.663066736474474894e+01 1.455362404541421739e+01
2.078850067715826455e+01 1.870447905961021817e+01 1.455249421720692560e+01
1.871396517298683548e+01 8.329210176027357804e+00 1.455298982397264318e+01
1.663422167546660901e+01 1.040380716610307310e+01 1.455438779431795915e+01
1.310150314924882122e-03 2.101894124225746729e+00 1.455551376375064265e+01
2.101894124225746285e+00 1.310150314925344426e-03 1.455551376375064265e+01
2.287272301800349439e+01 9.476981996505406611e-03 1.455691626845925768e+01
2.078267921027336484e+01 2.099520789726637027e+00 1.455395601199051647e+01
1.455465370630127708e+01 8.327546293698723900e+00 1.455465370630127886e+01
1.247894467178286604e+01 1.040325532821713317e+01 1.455629332068715343e+01
1.455340939898489516e+01 2.079808988432053596e+01 1.455340939898489339e+01
1.247877093037293328e+01 2.290221722460916709e+01 1.455553832578754481e+01
6.251636620324457994e+00 1.663056337967554299e+01 1.455251495329214606e+01
4.175491621592452240e+00 1.870670837840754785e+01 1.455172149737259168e+01
2.099520789726637027e+00 2.078267921027336484e+01 1.455395601199051647e+01
9.476981996506959188e-03 2.287272301800349794e+01 1.455691626845925768e+01
2.288088984968507589e+01 2.078030587577425692e+01 1.455551376375064265e+01
2.078030587577425692e+01 2.288088984968507589e+01 1.455551376375064265e+01
8.329796251516180305e+00 2.079436291022518546e+01 1.662867447529400167e+01
1.040334446453029571e+01 2.289856043722144463e+01 1.663270358284983885e+01
2.102859663894698805e+00 2.102859663894699693e+00 1.662614843369240702e+01
1.112529361580562835e-02 1.112529361580840565e-02 1.663221560755233597e+01
-6.468160562076088506e-03 4.179430745778806688e+00 1.662721175017452424e+01
2.091470226111066033e+00 6.255544379901995633e+00 1.662665562009800979e+01
1.247814131042638941e+01 1.663199776680255226e+01 1.663199776680255226e+01
1.455205981599233667e+01 1.871062289961095360e+01 1.662878229640538308e+01
1.662844657248250257e+01 1.662844657248250257e+01 1.662844657248250257e+01
1.870356732304053438e+01 1.870356732304053438e+01 1.662515386462897027e+01
8.328575954585785368e+00 -1.485280764214985845e-02 1.663066736474475249e+01
1.040397503041871907e+01 2.086057149496905794e+00 1.663025870725251210e+01
1.662657073919188377e+01 4.174929646972231900e+00 1.662657073919188377e+01
1.870727035302776997e+01 6.255629260808118097e+00 1.662657073919188733e+01
3.406117867575236650e-03 2.077754929545049123e+01 1.662978056872004728e+01
2.104650704549513751e+00 2.287879388213242393e+01 1.662978056872005084e+01
2.079436291022518191e+01 8.329796251516182082e+00 1.662867447529400167e+01
2.289856043722144463e+01 1.040334446453029571e+01 1.663270358284984241e+01
-1.636043722144305684e-02 1.247885553546969994e+01 1.663270358284983885e+01
2.087837089774818633e+00 1.455240374848381713e+01 1.662867447529399811e+01
-1.176443714697364938e-02 1.662765847363901628e+01 1.662765847363901628e+01
2.097106085533392505e+00 1.870111767333983721e+01 1.662513429152684097e+01
1.247839283389692788e+01 8.327812205682041835e+00 1.663422167546660901e+01
1.455438779431795737e+01 1.040380716610307310e+01 1.663422167546660901e+01
8.328589988523916077e+00 8.328589988523916077e+00 1.663282444245500358e+01
1.040353753824392236e+01 1.040353753824392236e+01 1.663564816731193119e+01
4.181082326660157555e+00 2.078509391446661070e+01 1.662513429152684452e+01
6.254541526360975823e+00 2.289396443714697327e+01 1.662765847363901983e+01
1.662665562009800979e+01 2.079072977388893051e+01 1.662665562009800624e+01
1.870276925422119163e+01 2.288866816056208009e+01 1.662721175017451714e+01
1.247885553546970172e+01 -1.636043722144270990e-02 1.663270358284983885e+01
1.455240374848381713e+01 2.087837089774818633e+00 1.662867447529400167e+01
1.247822496958127836e+01 2.079614285050309519e+01 1.663025870725250854e+01
1.455362404541421562e+01 2.289705280764215090e+01 1.663066736474474894e+01
2.079614285050309519e+01 1.247822496958127836e+01 1.663025870725251210e+01
2.289705280764214734e+01 1.455362404541421562e+01 1.663066736474474894e+01
1.663056337967554299e+01 8.329685046707853147e+00 1.663056337967554654e+01
1.871237470708304684e+01 1.040414368315079230e+01 1.663016154376737887e+01
8.329685046707853147e+00 1.663056337967554654e+01 1.663056337967554299e+01
1.040414368315079052e+01 1.871237470708304684e+01 1.663016154376737887e+01
4.179430745778807577e+00 -6.468160562075423239e-03 1.662721175017452069e+01
6.255544379901995633e+00 2.091470226111067365e+00 1.662665562009800979e+01
-1.485280764215034070e-02 8.328575954585785368e+00 1.663066736474474894e+01
2.086057149496905794e+00 1.040397503041871907e+01 1.663025870725251210e+01
4.174929646972231012e+00 1.662657073919188377e+01 1.662657073919188377e+01
6.255629260808117209e+00 1.870727035302777352e+01 1.662657073919188377e+01
4.178632676959467496e+00 4.178632676959468384e+00 1.662515386462897027e+01
6.253753427517497521e+00 6.253753427517497521e+00 1.662844657248250613e+01
2.077754929545048768e+01 3.406117867575676403e-03 1.662978056872005084e+01
2.287879388213242038e+01 2.104650704549513307e+00 1.662978056872005084e+01
1.247866246175607863e+01 1.247866246175607863e+01 1.663564816731192764e+01
1.455361001147608491e+01 1.455361001147608491e+01 1.663282444245500358e+01
2.079072977388893051e+01 1.662665562009800979e+01 1.662665562009800979e+01
2.288866816056208009e+01 1.870276925422119163e+01 1.662721175017452069e+01
8.330140184007662540e+00 4.171577100389047388e+00 1.662878229640538663e+01
1.040405868957360980e+01 6.250202233197442503e+00 1.663199776680255582e+01
4.169825292916952364e+00 1.247805631684920691e+01 1.663016154376737532e+01
6.251636620324458882e+00 1.455251495329214606e+01 1.663056337967554299e+01
1.663199776680255226e+01 1.247814131042639119e+01 1.663199776680255582e+01
1.871062289961095360e+01 1.455205981599233844e+01 1.662878229640538663e+01
1.662765847363901628e+01 -1.176443714697331631e-02 1.662765847363901628e+01
1.870111767333983721e+01 2.097106085533393394e+00 1.662513429152684097e+01
4.171577100389047388e+00 8.330140184007662540e+00 1.662878229640538308e+01
6.250202233197443391e+00 1.040405868957360980e+01 1.663199776680255226e+01
1.247805631684920691e+01 4.169825292916952364e+00 1.663016154376737887e+01
1.455251495329214606e+01 6.251636620324457994e+00 1.663056337967554654e+01
8.327812205682041835e+00 1.247839283389692611e+01 1.663422167546660901e+01
1.040380716610307310e+01 1.455438779431795915e+01 1.663422167546660901e+01
2.078509391446660715e+01 4.181082326660158444e+00 1.662513429152684452e+01
2.289396443714696971e+01 6.254541526360975823e+00 1.662765847363902338e+01
2.077934033610529951e+01 2.077934033610529951e+01 1.662614843369240347e+01
2.287107470638419571e+01 2.287107470638419571e+01 1.663221560755233597e+01
2.102485625808630409e+00 4.184242758167798115e+00 1.869795724183220642e+01
-6.468160562076760711e-03 6.254988249825483848e+00 1.870276925422119163e+01
1.040318075125356145e+01 -1.043038306223418969e-02 1.870871690734331949e+01
8.329705782793075386e+00 2.093699322841740429e+00 1.870447905961021817e+01
1.455249421720692560e+01 2.078850067715826455e+01 1.870447905961021462e+01
1.247901924874643775e+01 2.289263038306223663e+01 1.870871690734331594e+01
1.040365578973187155e+01 1.247854421026812943e+01 1.871755524295129192e+01
8.329210176027357804e+00 1.455298982397264318e+01 1.871396517298683548e+01
6.257046135371030715e+00 4.178632676959468384e+00 1.870356732304053438e+01
4.178632676959467496e+00 6.257046135371031603e+00 1.870356732304053438e+01
2.289152810231898982e+01 8.327791151019750870e+00 1.870699145651017758e+01
2.079018783787584468e+01 1.040364608753439590e+01 1.870632598669872593e+01
2.108396246032897992e+00 2.077380375396710122e+01 1.869554622609764749e+01
1.404528734222612596e-02 2.286815471265777688e+01 1.870409419519002370e+01
1.870670837840754430e+01 8.330478502627409298e+00 1.870670837840754785e+01
1.663016154376737532e+01 1.040414368315079408e+01 1.871237470708305040e+01
1.869795724183220287e+01 2.077971437419137146e+01 1.869795724183220287e+01
1.662721175017452069e+01 2.288866816056208009e+01 1.870276925422118808e+01
1.455384839156866228e+01 1.247832269906452218e+01 1.871576379354158703e+01
1.247832269906452041e+01 1.455384839156866583e+01 1.871576379354158703e+01
1.040364608753439413e+01 2.079018783787584823e+01 1.870632598669872593e+01
8.327791151019750870e+00 2.289152810231899338e+01 1.870699145651017758e+01
1.455172149737259168e+01 4.175491621592452240e+00 1.870670837840754785e+01
1.247805631684920868e+01 6.252038456232624775e+00 1.871237470708305040e+01
6.257065708473157351e+00 2.078509391446661070e+01 1.870111767333984076e+01
4.184315823964876557e+00 2.288389427946749421e+01 1.869788417603512443e+01
6.253417703594614352e+00 8.330140184007662540e+00 1.871062289961095360e+01
4.173731535212001020e+00 1.040417521375736420e+01 1.870846846478800174e+01
6.255629260808118097e+00 1.662657073919188377e+01 1.870727035302777352e+01
4.182435402110809441e+00 1.869976459788918888e+01 1.869976459788918532e+01
2.289263038306223308e+01 1.247901924874643953e+01 1.870871690734331949e+01
2.078850067715826455e+01 1.455249421720692560e+01 1.870447905961021817e+01
1.869788417603511732e+01 -1.694279467491293647e-03 1.869788417603512087e+01
1.662513429152684097e+01 2.097106085533392950e+00 1.870111767333984076e+01
1.040387730093547880e+01 8.328351608431336928e+00 1.871576379354158703e+01
8.328351608431335151e+00 1.040387730093548058e+01 1.871576379354158703e+01
6.252038456232625663e+00 1.247805631684920868e+01 1.871237470708304684e+01
4.175491621592453129e+00 1.455172149737258991e+01 1.870670837840754785e+01
2.286815471265777333e+01 1.404528734222762476e-02 1.870409419519002725e+01
2.077380375396709766e+01 2.108396246032898436e+00 1.869554622609765104e+01
1.870846846478799819e+01 1.247802478624263856e+01 1.870846846478800174e+01
1.662878229640538308e+01 1.455205981599233844e+01 1.871062289961095360e+01
2.097106085533392505e+00 1.662513429152684097e+01 1.870111767333983721e+01
-1.694279467491791947e-03 1.869788417603512087e+01 1.869788417603511732e+01
8.155138192710716452e-03 2.111291833076809787e+00 1.869816135331828022e+01
2.111291833076808899e+00 8.155138192711287176e-03 1.869816135331827667e+01
1.455205981599233667e+01 1.662878229640538663e+01 1.871062289961095360e+01
1.247802478624263500e+01 1.870846846478800174e+01 1.870846846478799819e+01
1.040414368315079052e+01 1.663016154376737887e+01 1.871237470708304684e+01
8.330478502627409298e+00 1.870670837840754785e+01 1.870670837840754785e+01
2.288866816056208009e+01 1.662721175017451714e+01 1.870276925422119163e+01
2.077971437419137146e+01 1.869795724183220287e+01 1.869795724183220287e+01
2.093699322841739985e+00 8.329705782793075386e+00 1.870447905961021817e+01
-1.043038306223403010e-02 1.040318075125355968e+01 1.870871690734331949e+01
1.455298982397264140e+01 8.329210176027357804e+00 1.871396517298683904e+01
1.247854421026812943e+01 1.040365578973187155e+01 1.871755524295129547e+01
1.455440884898024478e+01 -9.328102318990276476e-03 1.870699145651017403e+01
1.247855391246560508e+01 2.092012162124154084e+00 1.870632598669872948e+01
1.869976459788918532e+01 4.182435402110810330e+00 1.869976459788918888e+01
1.662657073919188377e+01 6.255629260808118097e+00 1.870727035302777352e+01
2.288389427946749066e+01 4.184315823964875669e+00 1.869788417603512798e+01
2.078509391446660715e+01 6.257065708473158239e+00 1.870111767333984076e+01
1.040417521375736420e+01 4.173731535212001020e+00 1.870846846478800174e+01
8.330140184007662540e+00 6.253417703594614352e+00 1.871062289961095360e+01
1.870356732304053082e+01 1.662515386462897027e+01 1.870356732304053438e+01
1.662515386462896672e+01 1.870356732304053438e+01 1.870356732304053082e+01
6.254988249825482960e+00 -6.468160562076529126e-03 1.870276925422119163e+01
4.184242758167798115e+00 2.102485625808630854e+00 1.869795724183220642e+01
2.092012162124154528e+00 1.247855391246560330e+01 1.870632598669872593e+01
-9.328102318990141167e-03 1.455440884898024478e+01 1.870699145651017403e+01
2.287404486180728469e+01 2.077090816692318853e+01 1.869816135331827311e+01
2.077090816692318853e+01 2.287404486180728469e+01 1.869816135331827311e+01
8.326686236249358330e+00 1.310150314924396616e-03 2.078030587577425692e+01
1.040331691347776477e+01 2.098213935544873454e+00 2.078398606445512797e+01
1.662614843369240347e+01 2.077934033610530307e+01 2.077934033610529951e+01
1.869816135331827667e+01 2.287404486180728469e+01 2.077090816692318853e+01
2.078267921027336129e+01 8.328243988009482734e+00 2.078267921027336484e+01
2.288182773940602388e+01 1.040272486645429595e+01 2.078165212601135892e+01
4.175874013301274168e+00 1.247855391246560508e+01 2.079018783787584823e+01
6.253525524706001093e+00 1.455240374848382068e+01 2.079436291022518546e+01
1.662978056872004728e+01 3.406117867575218436e-03 2.077754929545049123e+01
1.869554622609764749e+01 2.108396246032897547e+00 2.077380375396710122e+01
1.247947513354570503e+01 3.722605939725484635e-04 2.078165212601136247e+01
1.455395601199051647e+01 2.099520789726637027e+00 2.078267921027336484e+01
4.186653773902347275e+00 2.077380375396710122e+01 2.077380375396709766e+01
6.252419431279945705e+00 2.287879388213242393e+01 2.077754929545049123e+01
1.247822496958127836e+01 1.663025870725251210e+01 2.079614285050309519e+01
1.455249421720692560e+01 1.870447905961021817e+01 2.078850067715826100e+01
1.247843153189394805e+01 8.327963950494918777e+00 2.079990283190424094e+01
1.455423604950508221e+01 1.040376846810605294e+01 2.079990283190424094e+01
4.181082326660157555e+00 1.662513429152684452e+01 2.078509391446660715e+01
6.257065708473157351e+00 1.870111767333984076e+01 2.078509391446660715e+01
1.663025870725250854e+01 1.247822496958128013e+01 2.079614285050309874e+01
1.870447905961021462e+01 1.455249421720692737e+01 2.078850067715826455e+01
8.327963950494917000e+00 1.247843153189394805e+01 2.079990283190423739e+01
1.040376846810605116e+01 1.455423604950508398e+01 2.079990283190423739e+01
4.184038646681725204e+00 8.155138192710850026e-03 2.077090816692318853e+01
6.256051566307598399e+00 2.102859663894699249e+00 2.077934033610530307e+01
2.078398606445512442e+01 1.247888308652223621e+01 2.078398606445512797e+01
2.288088984968507589e+01 1.455551376375064265e+01 2.078030587577425692e+01
2.076328738592899725e+01 1.839706961541840227e-02 2.076328738592899725e+01
2.286380293038456557e+01 2.118912614070985079e+00 2.076328738592900791e+01
3.406117867575438746e-03 1.662978056872004728e+01 2.077754929545048768e+01
2.108396246032897547e+00 1.869554622609765104e+01 2.077380375396709766e+01
1.839706961541925923e-02 2.076328738592900081e+01 2.076328738592899725e+01
2.118912614070984635e+00 2.286380293038456912e+01 2.076328738592900436e+01
2.113006911372663499e+00 2.113006911372663499e+00 2.076919308862733615e+01
2.450598740593113237e-02 2.450598740592986949e-02 2.076326210222155666e+01
1.662513429152684452e+01 4.181082326660157555e+00 2.078509391446661070e+01
1.870111767333984076e+01 6.257065708473159127e+00 2.078509391446661070e+01
8.328243988009480958e+00 2.078267921027336484e+01 2.078267921027336129e+01
1.040272486645429595e+01 2.288182773940602743e+01 2.078165212601135892e+01
8.328790601015107598e+00 8.328790601015107598e+00 2.079808988432053596e+01
1.040345729070948444e+01 1.040345729070948622e+01 2.080172155046552618e+01
4.184242758167799892e+00 4.184242758167799892e+00 2.077971437419137146e+01
6.255544379901996521e+00 6.255544379901997409e+00 2.079072977388893051e+01
1.247888308652223444e+01 2.078398606445512797e+01 2.078398606445512442e+01
1.455551376375064265e+01 2.288088984968507589e+01 2.078030587577424981e+01
1.662665562009800624e+01 1.662665562009800979e+01 2.079072977388893051e+01
1.869795724183220287e+01 1.869795724183220287e+01 2.077971437419136791e+01
2.077934033610529951e+01 1.662614843369240347e+01 2.077934033610529951e+01
2.287404486180728469e+01 1.869816135331827311e+01 2.077090816692318853e+01
1.247855391246560508e+01 4.175874013301274168e+00 2.079018783787584823e+01
1.455240374848381890e+01 6.253525524705999317e+00 2.079436291022518546e+01
2.077380375396709766e+01 4.186653773902347275e+00 2.077380375396710122e+01
2.287879388213242038e+01 6.252419431279945705e+00 2.077754929545049123e+01
1.247874270929051477e+01 1.247874270929051477e+01 2.080172155046552618e+01
1.455340939898489339e+01 1.455340939898489516e+01 2.079808988432053596e+01
3.722605939728955708e-04 1.247947513354570503e+01 2.078165212601135892e+01
2.099520789726637027e+00 1.455395601199051647e+01 2.078267921027336484e+01
8.155138192711288911e-03 4.184038646681726092e+00 2.077090816692318853e+01
2.102859663894699693e+00 6.256051566307598399e+00 2.077934033610530307e+01
8.329705782793075386e+00 4.177720940389783699e+00 2.078850067715826455e+01
1.040397503041872085e+01 6.251941292747487999e+00 2.079614285050309519e+01
4.177720940389782811e+00 8.329705782793075386e+00 2.078850067715826455e+01
6.251941292747487999e+00 1.040397503041872085e+01 2.079614285050309519e+01
1.662867447529399811e+01 8.329796251516182082e+00 2.079436291022518546e+01
1.870632598669872593e+01 1.040364608753439590e+01 2.079018783787584823e+01
8.329796251516180305e+00 1.662867447529400167e+01 2.079436291022518546e+01
1.040364608753439413e+01 1.870632598669872948e+01 2.079018783787584823e+01
1.310150314924467740e-03 8.326686236249358330e+00 2.078030587577425692e+01
2.098213935544873454e+00 1.040331691347776477e+01 2.078398606445512797e+01
2.076919308862733615e+01 2.076919308862733615e+01 2.076919308862733615e+01
2.285769401259407019e+01 2.285769401259407019e+01 2.076326210222154955e+01
1.040233648721802595e+01 8.803073318805240688e-03 2.287339692668119895e+01
8.326686236249358330e+00 2.101894124225745841e+00 2.288088984968507589e+01
6.252419431279944817e+00 2.077754929545049123e+01 2.287879388213242038e+01
4.178105804809964852e+00 2.286815471265777333e+01 2.286815471265776978e+01
1.870871690734331594e+01 1.247901924874643953e+01 2.289263038306223663e+01
1.663066736474474894e+01 1.455362404541421562e+01 2.289705280764215090e+01
1.455440884898024656e+01 4.175208543489824287e+00 2.289152810231899338e+01
1.247885553546970172e+01 6.249496417150162131e+00 2.289856043722144463e+01
2.118937897778447876e+00 2.450598740593170136e-02 2.285769401259407374e+01
2.450598740593260688e-02 2.118937897778446988e+00 2.285769401259407374e+01
1.040334446453029571e+01 1.663270358284984241e+01 2.289856043722144463e+01
8.327791151019750870e+00 1.870699145651018114e+01 2.289152810231898982e+01
1.869788417603512443e+01 4.184315823964877445e+00 2.288389427946749421e+01
1.662765847363901983e+01 6.254541526360975823e+00 2.289396443714697327e+01
1.455553832578754303e+01 1.247877093037293328e+01 2.290221722460916709e+01
1.247877093037293150e+01 1.455553832578754481e+01 2.290221722460916709e+01
2.284306000309823048e+01 3.913999690173104729e-02 2.284306000309823403e+01
2.076328738592900436e+01 2.118912614070984191e+00 2.286380293038456912e+01
1.455551376375064265e+01 2.078030587577425692e+01 2.288088984968507233e+01
1.247986351278197503e+01 2.287339692668120250e+01 2.287339692668119540e+01
6.254988249825482960e+00 4.179430745778809353e+00 2.288866816056208009e+01
4.179430745778810241e+00 6.254988249825483848e+00 2.288866816056208009e+01
2.287339692668119895e+01 1.247986351278197326e+01 2.287339692668119895e+01
2.078030587577425337e+01 1.455551376375064443e+01 2.288088984968507589e+01
2.104650704549512863e+00 1.662978056872005439e+01 2.287879388213242038e+01
1.404528734222503135e-02 1.870409419519002725e+01 2.286815471265776978e+01
2.100547873988640291e+00 1.247947513354570503e+01 2.288182773940602743e+01
9.476981996506454384e-03 1.455691626845925946e+01 2.287272301800349439e+01
6.249984392447662351e+00 1.112529361580682358e-02 2.287107470638419571e+01
4.184038646681726981e+00 2.111291833076811564e+00 2.287404486180728114e+01
1.040319298621381705e+01 1.247900701378618393e+01 2.290395250675250338e+01
8.327979531562483828e+00 1.455422046843751716e+01 2.290057313446396137e+01
1.870276925422118808e+01 1.662721175017452069e+01 2.288866816056208009e+01
1.662721175017451714e+01 1.870276925422119163e+01 2.288866816056208009e+01
1.455691626845925768e+01 9.476981996507103170e-03 2.287272301800349794e+01
1.247947513354570326e+01 2.100547873988640735e+00 2.288182773940602743e+01
6.251532635255254711e+00 8.328575954585787144e+00 2.289705280764215090e+01
4.173483092656685933e+00 1.040318075125356145e+01 2.289263038306223663e+01
2.118912614070985079e+00 2.076328738592900436e+01 2.286380293038456557e+01
3.913999690173299711e-02 2.284306000309823403e+01 2.284306000309823403e+01
2.101894124225745841e+00 8.326686236249358330e+00 2.288088984968507589e+01
8.803073318805511305e-03 1.040233648721802773e+01 2.287339692668119895e+01
2.286815471265776978e+01 4.178105804809966628e+00 2.286815471265777333e+01
2.077754929545049123e+01 6.252419431279947482e+00 2.287879388213242393e+01
1.870699145651017403e+01 8.327791151019752647e+00 2.289152810231898982e+01
1.663270358284983885e+01 1.040334446453029749e+01 2.289856043722144463e+01
2.287107470638419215e+01 1.663221560755233597e+01 2.287107470638419571e+01
2.077090816692318853e+01 1.869816135331827667e+01 2.287404486180728469e+01
1.455422046843751360e+01 8.327979531562483828e+00 2.290057313446396137e+01
1.247900701378618216e+01 1.040319298621381705e+01 2.290395250675250338e+01
1.040342906962706770e+01 8.326661674212456177e+00 2.290221722460916709e+01
8.326661674212456177e+00 1.040342906962706948e+01 2.290221722460916709e+01
1.870409419519002725e+01 1.404528734222419868e-02 2.286815471265777333e+01
1.662978056872005439e+01 2.104650704549512863e+00 2.287879388213242393e+01
1.455362404541421384e+01 1.663066736474474894e+01 2.289705280764214734e+01
1.247901924874643953e+01 1.870871690734331949e+01 2.289263038306223308e+01
6.249496417150162131e+00 1.247885553546970350e+01 2.289856043722144463e+01
4.175208543489824287e+00 1.455440884898024834e+01 2.289152810231898982e+01
2.111291833076812452e+00 4.184038646681726981e+00 2.287404486180728114e+01
1.112529361580801533e-02 6.249984392447662351e+00 2.287107470638419571e+01
1.869816135331827311e+01 2.077090816692318853e+01 2.287404486180728114e+01
1.663221560755233241e+01 2.287107470638419571e+01 2.287107470638418860e+01
1.040272486645429595e+01 2.078165212601136247e+01 2.288182773940602388e+01
8.325283731540739751e+00 2.287272301800349439e+01 2.287272301800349439e+01
1.040318075125355968e+01 4.173483092656685933e+00 2.289263038306223663e+01
8.328575954585785368e+00 6.251532635255255599e+00 2.289705280764215090e+01
6.254541526360975823e+00 1.662765847363902338e+01 2.289396443714696971e+01
4.184315823964876557e+00 1.869788417603512443e+01 2.288389427946749066e+01
2.287272301800349439e+01 8.325283731540741528e+00 2.287272301800349439e+01
2.078165212601135892e+01 1.040272486645429595e+01 2.288182773940602743e+01
2.285769401259407019e+01 2.076326210222154955e+01 2.285769401259407019e+01
2.076326210222154955e+01 2.285769401259407019e+01 2.285769401259407019e+01
